1696877175992 42.0 1
1696877176121 42.0 2
1696877176239 42.0 3
1696877176356 42.0 4
1696877176474 42.0 5
1696877176589 42.0 6
1696877176710 42.0 7
1696877176828 42.0 8
1696877176949 42.0 9
1696877177066 42.0 10
1696877177191 42.0 11
1696877177310 42.0 12
1696877177427 42.0 13
1696877177546 42.0 14
1696877177663 42.0 15
1696877177783 42.0 16
1696877177900 42.0 17
1696877178018 42.0 18
1696877178137 42.0 19
1696877178256 42.0 20
1696877178374 42.0 21
1696877178493 42.0 22
1696877178610 42.0 23
1696877178734 42.0 24
1696877178851 42.0 25
1696877178969 42.0 26
1696877179090 42.0 27
1696877179210 42.0 28
1696877179328 42.0 29
1696877179449 42.0 30
1696877179572 42.0 31
1696877179692 42.0 32
1696877179813 42.0 33
1696877179934 42.0 34
1696877180052 42.0 35
1696877180170 42.0 36
1696877180290 42.0 37
1696877180407 42.0 38
1696877180525 42.0 39
1696877180646 42.0 40
1696877180766 42.0 41
1696877180885 42.0 42
1696877181005 42.0 43
1696877181121 42.0 44
1696877181240 42.0 45
1696877181360 42.0 46
1696877181477 42.0 47
1696877181601 42.0 48
1696877181723 42.0 49
1696877181844 42.0 50
1696877181962 42.0 51
1696877182080 42.0 52
1696877182199 42.0 53
1696877182318 42.0 54
1696877182439 42.0 55
1696877182560 42.0 56
1696877182682 42.0 57
1696877182804 42.0 58
1696877182925 42.0 59
1696877183048 42.0 60
1696877183167 42.0 61
1696877183286 42.0 62
1696877183404 42.0 63
1696877183525 42.0 64
1696877183654 42.0 65
1696877183781 42.0 66
1696877183900 42.0 67
1696877184022 42.0 68
1696877184143 42.0 69
1696877184265 42.0 70
1696877184382 42.0 71
1696877184503 42.0 72
1696877184622 42.0 73
1696877184739 42.0 74
1696877184859 42.0 75
1696877184982 42.0 76
1696877185104 42.0 77
1696877185222 42.0 78
1696877185344 42.0 79
1696877185465 42.0 80
1696877185584 42.0 81
1696877185705 42.0 82
1696877185826 42.0 83
1696877185947 42.0 84
1696877186068 42.0 85
1696877186187 42.0 86
1696877186305 42.0 87
1696877186424 42.0 88
1696877186550 42.0 89
1696877186671 42.0 90
1696877186790 42.0 91
1696877186911 42.0 92
1696877187034 42.0 93
1696877187154 42.0 94
1696877187272 42.0 95
1696877187390 42.0 96
1696877187513 42.0 97
1696877187636 42.0 98
1696877187754 42.0 99
1696877187877 42.0 100
