1696877175993 100.0 1
1696877176122 100.0 2
1696877176240 100.0 3
1696877176357 100.0 4
1696877176474 100.0 5
1696877176590 100.0 6
1696877176711 100.0 7
1696877176829 100.0 8
1696877176950 100.0 9
1696877177066 100.0 10
1696877177192 100.0 11
1696877177310 100.0 12
1696877177428 100.0 13
1696877177547 100.0 14
1696877177664 100.0 15
1696877177784 100.0 16
1696877177901 100.0 17
1696877178019 100.0 18
1696877178138 100.0 19
1696877178256 100.0 20
1696877178375 100.0 21
1696877178493 100.0 22
1696877178610 100.0 23
1696877178735 100.0 24
1696877178852 100.0 25
1696877178969 100.0 26
1696877179091 100.0 27
1696877179210 100.0 28
1696877179329 100.0 29
1696877179450 100.0 30
1696877179572 100.0 31
1696877179693 100.0 32
1696877179814 100.0 33
1696877179934 100.0 34
1696877180053 100.0 35
1696877180171 100.0 36
1696877180290 100.0 37
1696877180408 100.0 38
1696877180526 100.0 39
1696877180646 100.0 40
1696877180767 100.0 41
1696877180886 100.0 42
1696877181005 100.0 43
1696877181122 100.0 44
1696877181240 100.0 45
1696877181361 100.0 46
1696877181478 100.0 47
1696877181602 100.0 48
1696877181724 100.0 49
1696877181845 100.0 50
1696877181962 100.0 51
1696877182081 100.0 52
1696877182200 100.0 53
1696877182319 100.0 54
1696877182440 100.0 55
1696877182561 100.0 56
1696877182683 100.0 57
1696877182805 100.0 58
1696877182926 100.0 59
1696877183049 100.0 60
1696877183167 100.0 61
1696877183286 100.0 62
1696877183405 100.0 63
1696877183526 100.0 64
1696877183659 100.0 65
1696877183782 100.0 66
1696877183901 100.0 67
1696877184022 100.0 68
1696877184144 100.0 69
1696877184265 100.0 70
1696877184383 100.0 71
1696877184504 100.0 72
1696877184622 100.0 73
1696877184739 100.0 74
1696877184860 100.0 75
1696877184982 100.0 76
1696877185104 100.0 77
1696877185223 100.0 78
1696877185345 100.0 79
1696877185466 100.0 80
1696877185585 100.0 81
1696877185706 100.0 82
1696877185826 100.0 83
1696877185948 100.0 84
1696877186069 100.0 85
1696877186187 100.0 86
1696877186306 100.0 87
1696877186425 100.0 88
1696877186550 100.0 89
1696877186672 100.0 90
1696877186791 100.0 91
1696877186912 100.0 92
1696877187035 100.0 93
1696877187155 100.0 94
1696877187273 100.0 95
1696877187391 100.0 96
1696877187514 100.0 97
1696877187636 100.0 98
1696877187755 100.0 99
1696877187878 100.0 100
