1696877175991 82.0 1
1696877176121 82.0 2
1696877176238 82.0 3
1696877176356 82.0 4
1696877176473 82.0 5
1696877176589 82.0 6
1696877176710 82.0 7
1696877176828 82.0 8
1696877176948 82.0 9
1696877177065 82.0 10
1696877177191 82.0 11
1696877177309 82.0 12
1696877177427 82.0 13
1696877177546 82.0 14
1696877177662 82.0 15
1696877177782 82.0 16
1696877177899 82.0 17
1696877178018 82.0 18
1696877178136 82.0 19
1696877178255 82.0 20
1696877178373 82.0 21
1696877178492 82.0 22
1696877178609 82.0 23
1696877178733 82.0 24
1696877178850 82.0 25
1696877178968 82.0 26
1696877179089 82.0 27
1696877179209 82.0 28
1696877179328 82.0 29
1696877179449 82.0 30
1696877179571 82.0 31
1696877179691 82.0 32
1696877179813 82.0 33
1696877179933 82.0 34
1696877180051 82.0 35
1696877180170 82.0 36
1696877180289 82.0 37
1696877180407 82.0 38
1696877180524 82.0 39
1696877180645 82.0 40
1696877180766 82.0 41
1696877180884 82.0 42
1696877181004 82.0 43
1696877181121 82.0 44
1696877181239 82.0 45
1696877181360 82.0 46
1696877181477 82.0 47
1696877181600 82.0 48
1696877181723 82.0 49
1696877181843 82.0 50
1696877181961 82.0 51
1696877182080 82.0 52
1696877182199 82.0 53
1696877182318 82.0 54
1696877182439 82.0 55
1696877182560 82.0 56
1696877182682 82.0 57
1696877182804 82.0 58
1696877182924 82.0 59
1696877183047 82.0 60
1696877183166 82.0 61
1696877183285 82.0 62
1696877183403 82.0 63
1696877183524 82.0 64
1696877183654 82.0 65
1696877183781 82.0 66
1696877183900 82.0 67
1696877184021 82.0 68
1696877184142 82.0 69
1696877184264 82.0 70
1696877184382 82.0 71
1696877184503 82.0 72
1696877184621 82.0 73
1696877184738 82.0 74
1696877184859 82.0 75
1696877184981 82.0 76
1696877185103 82.0 77
1696877185222 82.0 78
1696877185343 82.0 79
1696877185464 82.0 80
1696877185584 82.0 81
1696877185704 82.0 82
1696877185825 82.0 83
1696877185947 82.0 84
1696877186067 82.0 85
1696877186186 82.0 86
1696877186305 82.0 87
1696877186424 82.0 88
1696877186549 82.0 89
1696877186671 82.0 90
1696877186789 82.0 91
1696877186910 82.0 92
1696877187034 82.0 93
1696877187154 82.0 94
1696877187272 82.0 95
1696877187390 82.0 96
1696877187513 82.0 97
1696877187635 82.0 98
1696877187753 82.0 99
1696877187876 82.0 100
