1696877175975 75.0 1
1696877176107 75.0 2
1696877176226 75.0 3
1696877176343 75.0 4
1696877176458 75.0 5
1696877176575 75.0 6
1696877176696 75.0 7
1696877176814 75.0 8
1696877176936 75.0 9
1696877177053 75.0 10
1696877177178 75.0 11
1696877177295 75.0 12
1696877177414 75.0 13
1696877177532 75.0 14
1696877177650 75.0 15
1696877177768 75.0 16
1696877177885 75.0 17
1696877178005 75.0 18
1696877178124 75.0 19
1696877178242 75.0 20
1696877178359 75.0 21
1696877178479 75.0 22
1696877178597 75.0 23
1696877178720 75.0 24
1696877178837 75.0 25
1696877178955 75.0 26
1696877179076 75.0 27
1696877179196 75.0 28
1696877179315 75.0 29
1696877179435 75.0 30
1696877179557 75.0 31
1696877179677 75.0 32
1696877179799 75.0 33
1696877179918 75.0 34
1696877180037 75.0 35
1696877180156 75.0 36
1696877180275 75.0 37
1696877180393 75.0 38
1696877180511 75.0 39
1696877180631 75.0 40
1696877180751 75.0 41
1696877180868 75.0 42
1696877180988 75.0 43
1696877181106 75.0 44
1696877181225 75.0 45
1696877181344 75.0 46
1696877181463 75.0 47
1696877181586 75.0 48
1696877181708 75.0 49
1696877181829 75.0 50
1696877181947 75.0 51
1696877182064 75.0 52
1696877182184 75.0 53
1696877182303 75.0 54
1696877182423 75.0 55
1696877182545 75.0 56
1696877182667 75.0 57
1696877182788 75.0 58
1696877182909 75.0 59
1696877183030 75.0 60
1696877183151 75.0 61
1696877183267 75.0 62
1696877183388 75.0 63
1696877183509 75.0 64
1696877183632 75.0 65
1696877183752 75.0 66
1696877183875 75.0 67
1696877183999 75.0 68
1696877184121 75.0 69
1696877184239 75.0 70
1696877184357 75.0 71
1696877184477 75.0 72
1696877184596 75.0 73
1696877184715 75.0 74
1696877184842 75.0 75
1696877184961 75.0 76
1696877185082 75.0 77
1696877185204 75.0 78
1696877185325 75.0 79
1696877185447 75.0 80
1696877185568 75.0 81
1696877185687 75.0 82
1696877185809 75.0 83
1696877185930 75.0 84
1696877186051 75.0 85
1696877186169 75.0 86
1696877186287 75.0 87
1696877186407 75.0 88
1696877186529 75.0 89
1696877186653 75.0 90
1696877186772 75.0 91
1696877186891 75.0 92
1696877187010 75.0 93
1696877187130 75.0 94
1696877187252 75.0 95
1696877187373 75.0 96
1696877187496 75.0 97
1696877187615 75.0 98
1696877187737 75.0 99
1696877187858 75.0 100
