1696877175976 100.0 1
1696877176107 100.0 2
1696877176226 100.0 3
1696877176344 100.0 4
1696877176459 100.0 5
1696877176576 100.0 6
1696877176697 100.0 7
1696877176815 100.0 8
1696877176936 100.0 9
1696877177054 100.0 10
1696877177179 100.0 11
1696877177296 100.0 12
1696877177415 100.0 13
1696877177533 100.0 14
1696877177651 100.0 15
1696877177769 100.0 16
1696877177885 100.0 17
1696877178006 100.0 18
1696877178124 100.0 19
1696877178243 100.0 20
1696877178360 100.0 21
1696877178480 100.0 22
1696877178597 100.0 23
1696877178720 100.0 24
1696877178837 100.0 25
1696877178956 100.0 26
1696877179076 100.0 27
1696877179197 100.0 28
1696877179315 100.0 29
1696877179436 100.0 30
1696877179558 100.0 31
1696877179677 100.0 32
1696877179799 100.0 33
1696877179919 100.0 34
1696877180038 100.0 35
1696877180156 100.0 36
1696877180276 100.0 37
1696877180393 100.0 38
1696877180511 100.0 39
1696877180632 100.0 40
1696877180751 100.0 41
1696877180868 100.0 42
1696877180988 100.0 43
1696877181107 100.0 44
1696877181226 100.0 45
1696877181345 100.0 46
1696877181463 100.0 47
1696877181587 100.0 48
1696877181709 100.0 49
1696877181829 100.0 50
1696877181948 100.0 51
1696877182064 100.0 52
1696877182185 100.0 53
1696877182304 100.0 54
1696877182424 100.0 55
1696877182546 100.0 56
1696877182667 100.0 57
1696877182789 100.0 58
1696877182910 100.0 59
1696877183031 100.0 60
1696877183152 100.0 61
1696877183267 100.0 62
1696877183389 100.0 63
1696877183509 100.0 64
1696877183633 100.0 65
1696877183753 100.0 66
1696877183876 100.0 67
1696877183999 100.0 68
1696877184122 100.0 69
1696877184239 100.0 70
1696877184358 100.0 71
1696877184478 100.0 72
1696877184596 100.0 73
1696877184716 100.0 74
1696877184843 100.0 75
1696877184961 100.0 76
1696877185082 100.0 77
1696877185205 100.0 78
1696877185326 100.0 79
1696877185447 100.0 80
1696877185569 100.0 81
1696877185688 100.0 82
1696877185810 100.0 83
1696877185930 100.0 84
1696877186052 100.0 85
1696877186169 100.0 86
1696877186287 100.0 87
1696877186408 100.0 88
1696877186533 100.0 89
1696877186654 100.0 90
1696877186772 100.0 91
1696877186891 100.0 92
1696877187010 100.0 93
1696877187131 100.0 94
1696877187253 100.0 95
1696877187374 100.0 96
1696877187496 100.0 97
1696877187615 100.0 98
1696877187738 100.0 99
1696877187859 100.0 100
