1696877175974 64.0 1
1696877176106 64.0 2
1696877176225 64.0 3
1696877176343 64.0 4
1696877176458 64.0 5
1696877176575 64.0 6
1696877176696 64.0 7
1696877176813 64.0 8
1696877176935 64.0 9
1696877177052 64.0 10
1696877177178 64.0 11
1696877177295 64.0 12
1696877177413 64.0 13
1696877177531 64.0 14
1696877177649 64.0 15
1696877177768 64.0 16
1696877177884 64.0 17
1696877178004 64.0 18
1696877178123 64.0 19
1696877178241 64.0 20
1696877178359 64.0 21
1696877178479 64.0 22
1696877178596 64.0 23
1696877178719 64.0 24
1696877178836 64.0 25
1696877178954 64.0 26
1696877179075 64.0 27
1696877179195 64.0 28
1696877179314 64.0 29
1696877179435 64.0 30
1696877179557 64.0 31
1696877179676 64.0 32
1696877179798 64.0 33
1696877179917 64.0 34
1696877180036 64.0 35
1696877180155 64.0 36
1696877180275 64.0 37
1696877180392 64.0 38
1696877180510 64.0 39
1696877180630 64.0 40
1696877180750 64.0 41
1696877180867 64.0 42
1696877180987 64.0 43
1696877181105 64.0 44
1696877181224 64.0 45
1696877181343 64.0 46
1696877181462 64.0 47
1696877181585 64.0 48
1696877181708 64.0 49
1696877181828 64.0 50
1696877181946 64.0 51
1696877182063 64.0 52
1696877182184 64.0 53
1696877182303 64.0 54
1696877182423 64.0 55
1696877182544 64.0 56
1696877182666 64.0 57
1696877182788 64.0 58
1696877182909 64.0 59
1696877183030 64.0 60
1696877183150 64.0 61
1696877183266 64.0 62
1696877183387 64.0 63
1696877183508 64.0 64
1696877183631 64.0 65
1696877183751 64.0 66
1696877183874 64.0 67
1696877183998 64.0 68
1696877184120 64.0 69
1696877184238 64.0 70
1696877184356 64.0 71
1696877184477 64.0 72
1696877184595 64.0 73
1696877184715 64.0 74
1696877184842 64.0 75
1696877184960 64.0 76
1696877185081 64.0 77
1696877185203 64.0 78
1696877185325 64.0 79
1696877185446 64.0 80
1696877185567 64.0 81
1696877185686 64.0 82
1696877185809 64.0 83
1696877185929 64.0 84
1696877186050 64.0 85
1696877186168 64.0 86
1696877186286 64.0 87
1696877186406 64.0 88
1696877186528 64.0 89
1696877186653 64.0 90
1696877186771 64.0 91
1696877186890 64.0 92
1696877187009 64.0 93
1696877187129 64.0 94
1696877187251 64.0 95
1696877187373 64.0 96
1696877187495 64.0 97
1696877187614 64.0 98
1696877187736 64.0 99
1696877187858 64.0 100
