1696877176003 0.0 1
1696877176130 0.0 2
1696877176248 0.0 3
1696877176366 0.0 4
1696877176481 0.0 5
1696877176597 0.0 6
1696877176719 0.0 7
1696877176836 0.0 8
1696877176958 0.0 9
1696877177073 0.0 10
1696877177199 0.0 11
1696877177318 0.0 12
1696877177435 0.0 13
1696877177554 0.0 14
1696877177671 0.0 15
1696877177792 0.0 16
1696877177909 0.0 17
1696877178026 0.0 18
1696877178145 0.0 19
1696877178265 0.0 20
1696877178383 0.0 21
1696877178502 0.0 22
1696877178618 0.0 23
1696877178743 0.0 24
1696877178862 0.0 25
1696877178981 0.0 26
1696877179098 0.0 27
1696877179218 0.0 28
1696877179337 0.0 29
1696877179458 0.0 30
1696877179581 0.0 31
1696877179702 0.0 32
1696877179823 0.0 33
1696877179943 0.0 34
1696877180062 0.0 35
1696877180181 0.0 36
1696877180299 0.0 37
1696877180417 0.0 38
1696877180537 0.0 39
1696877180657 0.0 40
1696877180776 0.0 41
1696877180895 0.0 42
1696877181014 0.0 43
1696877181131 0.0 44
1696877181251 0.0 45
1696877181370 0.0 46
1696877181489 0.0 47
1696877181611 0.0 48
1696877181733 0.0 49
1696877181854 0.0 50
1696877181974 0.0 51
1696877182092 0.0 52
1696877182211 0.0 53
1696877182328 0.0 54
1696877182450 0.0 55
1696877182570 0.0 56
1696877182693 0.0 57
1696877182815 0.0 58
1696877182935 0.0 59
1696877183059 0.0 60
1696877183177 0.0 61
1696877183297 0.0 62
1696877183417 0.0 63
1696877183536 0.0 64
1696877183678 0.0 65
1696877183802 0.0 66
1696877183922 0.0 67
1696877184041 0.0 68
1696877184160 0.0 69
1696877184281 0.0 70
1696877184401 0.0 71
1696877184519 0.0 72
1696877184640 0.0 73
1696877184758 0.0 74
1696877184875 0.0 75
1696877184993 0.0 76
1696877185115 0.0 77
1696877185235 0.0 78
1696877185356 0.0 79
1696877185477 0.0 80
1696877185598 0.0 81
1696877185717 0.0 82
1696877185839 0.0 83
1696877185959 0.0 84
1696877186080 0.0 85
1696877186201 0.0 86
1696877186323 0.0 87
1696877186442 0.0 88
1696877186563 0.0 89
1696877186684 0.0 90
1696877186803 0.0 91
1696877186923 0.0 92
1696877187046 0.0 93
1696877187167 0.0 94
1696877187289 0.0 95
1696877187412 0.0 96
1696877187533 0.0 97
1696877187652 0.0 98
1696877187770 0.0 99
1696877187892 0.0 100
