1696877176007 1.0 1
1696877176135 2.0 2
1696877176252 3.0 3
1696877176370 4.0 4
1696877176485 5.0 5
1696877176601 6.0 6
1696877176723 7.0 7
1696877176840 8.0 8
1696877176962 9.0 9
1696877177077 10.0 10
1696877177203 11.0 11
1696877177322 12.0 12
1696877177439 13.0 13
1696877177558 14.0 14
1696877177675 15.0 15
1696877177796 16.0 16
1696877177913 17.0 17
1696877178031 18.0 18
1696877178149 19.0 19
1696877178269 20.0 20
1696877178387 21.0 21
1696877178506 22.0 22
1696877178622 23.0 23
1696877178747 24.0 24
1696877178866 25.0 25
1696877178985 26.0 26
1696877179103 27.0 27
1696877179222 28.0 28
1696877179341 29.0 29
1696877179462 30.0 30
1696877179585 31.0 31
1696877179706 32.0 32
1696877179827 33.0 33
1696877179947 34.0 34
1696877180066 35.0 35
1696877180185 36.0 36
1696877180303 37.0 37
1696877180421 38.0 38
1696877180541 39.0 39
1696877180661 40.0 40
1696877180780 41.0 41
1696877180898 42.0 42
1696877181018 43.0 43
1696877181135 44.0 44
1696877181255 45.0 45
1696877181374 46.0 46
1696877181492 47.0 47
1696877181615 48.0 48
1696877181737 49.0 49
1696877181858 50.0 50
1696877181978 51.0 51
1696877182096 52.0 52
1696877182215 53.0 53
1696877182332 54.0 54
1696877182454 55.0 55
1696877182574 56.0 56
1696877182697 57.0 57
1696877182819 58.0 58
1696877182939 59.0 59
1696877183063 60.0 60
1696877183182 61.0 61
1696877183301 62.0 62
1696877183421 63.0 63
1696877183539 64.0 64
1696877183683 65.0 65
1696877183807 66.0 66
1696877183926 67.0 67
1696877184046 68.0 68
1696877184164 69.0 69
1696877184285 70.0 70
1696877184405 71.0 71
1696877184523 72.0 72
1696877184645 73.0 73
1696877184762 74.0 74
1696877184880 75.0 75
1696877184997 76.0 76
1696877185118 77.0 77
1696877185240 78.0 78
1696877185360 79.0 79
1696877185480 80.0 80
1696877185602 81.0 81
1696877185721 82.0 82
1696877185843 83.0 83
1696877185963 84.0 84
1696877186085 85.0 85
1696877186205 86.0 86
1696877186327 87.0 87
1696877186445 88.0 88
1696877186567 89.0 89
1696877186688 90.0 90
1696877186807 91.0 91
1696877186927 92.0 92
1696877187050 93.0 93
1696877187171 94.0 94
1696877187293 95.0 95
1696877187416 96.0 96
1696877187537 97.0 97
1696877187657 98.0 98
1696877187774 99.0 99
1696877187896 100.0 100
