1696877176000 0.0 1
1696877176128 1.0 2
1696877176245 2.0 3
1696877176364 3.0 4
1696877176479 4.0 5
1696877176595 5.0 6
1696877176716 6.0 7
1696877176834 7.0 8
1696877176956 8.0 9
1696877177071 9.0 10
1696877177197 10.0 11
1696877177316 11.0 12
1696877177433 12.0 13
1696877177552 13.0 14
1696877177669 14.0 15
1696877177790 15.0 16
1696877177907 16.0 17
1696877178024 17.0 18
1696877178143 18.0 19
1696877178262 19.0 20
1696877178381 20.0 21
1696877178500 21.0 22
1696877178616 22.0 23
1696877178741 23.0 24
1696877178860 24.0 25
1696877178979 25.0 26
1696877179096 26.0 27
1696877179216 27.0 28
1696877179335 28.0 29
1696877179456 29.0 30
1696877179579 30.0 31
1696877179699 31.0 32
1696877179821 32.0 33
1696877179941 33.0 34
1696877180059 34.0 35
1696877180179 35.0 36
1696877180297 36.0 37
1696877180415 37.0 38
1696877180535 38.0 39
1696877180655 39.0 40
1696877180774 40.0 41
1696877180893 41.0 42
1696877181012 42.0 43
1696877181129 43.0 44
1696877181249 44.0 45
1696877181368 45.0 46
1696877181487 46.0 47
1696877181609 47.0 48
1696877181731 48.0 49
1696877181852 49.0 50
1696877181972 50.0 51
1696877182090 51.0 52
1696877182209 52.0 53
1696877182326 53.0 54
1696877182448 54.0 55
1696877182568 55.0 56
1696877182691 56.0 57
1696877182813 57.0 58
1696877182933 58.0 59
1696877183057 59.0 60
1696877183175 60.0 61
1696877183295 61.0 62
1696877183415 62.0 63
1696877183534 63.0 64
1696877183670 64.0 65
1696877183799 65.0 66
1696877183919 66.0 67
1696877184038 67.0 68
1696877184158 68.0 69
1696877184279 69.0 70
1696877184399 70.0 71
1696877184517 71.0 72
1696877184638 72.0 73
1696877184756 73.0 74
1696877184873 74.0 75
1696877184991 75.0 76
1696877185113 76.0 77
1696877185233 77.0 78
1696877185354 78.0 79
1696877185475 79.0 80
1696877185596 80.0 81
1696877185715 81.0 82
1696877185837 82.0 83
1696877185957 83.0 84
1696877186078 84.0 85
1696877186199 85.0 86
1696877186321 86.0 87
1696877186440 87.0 88
1696877186561 88.0 89
1696877186682 89.0 90
1696877186801 90.0 91
1696877186921 91.0 92
1696877187044 92.0 93
1696877187164 93.0 94
1696877187288 94.0 95
1696877187410 95.0 96
1696877187531 96.0 97
1696877187650 97.0 98
1696877187768 98.0 99
1696877187890 99.0 100
