1696877176001 16.5 1
1696877176129 9.625 2
1696877176246 8.351851851851851 3
1696877176365 7.815789473684211 4
1696877176480 7.520408163265306 5
1696877176596 7.333333333333333 6
1696877176717 7.204225352112676 7
1696877176835 7.109756097560975 8
1696877176957 7.03763440860215 9
1696877177072 6.980769230769231 10
1696877177198 6.934782608695652 11
1696877177317 6.896825396825397 12
1696877177434 6.864963503649635 13
1696877177553 6.837837837837838 14
1696877177670 6.814465408805032 15
1696877177790 6.794117647058823 16
1696877177907 6.776243093922652 17
1696877178025 6.760416666666667 18
1696877178144 6.746305418719212 19
1696877178263 6.733644859813084 20
1696877178382 6.722222222222222 21
1696877178501 6.711864406779661 22
1696877178617 6.702429149797571 23
1696877178741 6.6937984496124034 24
1696877178861 6.685873605947956 25
1696877178980 6.678571428571429 26
1696877179097 6.671821305841925 27
1696877179217 6.6655629139072845 28
1696877179336 6.659744408945687 29
1696877179457 6.654320987654321 30
1696877179580 6.649253731343284 31
1696877179700 6.644508670520231 32
1696877179822 6.640056022408964 33
1696877179942 6.635869565217392 34
1696877180060 6.6319261213720315 35
1696877180180 6.628205128205129 36
1696877180298 6.624688279301745 37
1696877180416 6.621359223300971 38
1696877180536 6.618203309692672 39
1696877180656 6.61520737327189 40
1696877180775 6.612359550561798 41
1696877180893 6.609649122807017 42
1696877181012 6.607066381156317 43
1696877181130 6.604602510460251 44
1696877181249 6.602249488752556 45
1696877181369 6.6 46
1696877181487 6.597847358121331 47
1696877181609 6.595785440613027 48
1696877181732 6.593808630393997 49
1696877181853 6.591911764705882 50
1696877181973 6.59009009009009 51
1696877182090 6.588339222614841 52
1696877182210 6.586655112651647 53
1696877182327 6.585034013605442 54
1696877182449 6.58347245409015 55
1696877182569 6.581967213114754 56
1696877182691 6.580515297906603 57
1696877182814 6.579113924050633 58
1696877182934 6.577760497667185 59
1696877183057 6.57645259938838 60
1696877183176 6.575187969924812 61
1696877183295 6.57396449704142 62
1696877183416 6.57278020378457 63
1696877183534 6.57163323782235 64
1696877183674 6.570521861777151 65
1696877183800 6.569444444444445 66
1696877183920 6.568399452804377 67
1696877184039 6.567385444743936 68
1696877184159 6.566401062416999 69
1696877184279 6.56544502617801 70
1696877184400 6.564516129032258 71
1696877184517 6.5636132315521625 72
1696877184639 6.5627352572145545 73
1696877184756 6.561881188118812 74
1696877184874 6.561050061050061 75
1696877184992 6.5602409638554215 76
1696877185113 6.559453032104638 77
1696877185234 6.55868544600939 78
1696877185355 6.557937427578215 79
1696877185475 6.55720823798627 80
1696877185597 6.556497175141243 81
1696877185715 6.555803571428571 82
1696877185838 6.555126791620728 83
1696877185958 6.55446623093682 84
1696877186078 6.553821313240043 85
1696877186199 6.553191489361702 86
1696877186322 6.552576235541535 87
1696877186440 6.551975051975052 88
1696877186561 6.551387461459404 89
1696877186683 6.550813008130081 90
1696877186802 6.550251256281407 91
1696877186922 6.549701789264414 92
1696877187045 6.549164208456244 93
1696877187165 6.54863813229572 94
1696877187288 6.548123195380173 95
1696877187410 6.5476190476190474 96
1696877187531 6.547125353440151 97
1696877187651 6.5466417910447765 98
1696877187769 6.546168051708218 99
1696877187891 6.545703839122487 100
