1696877176006 90596.0 1
1696877176133 90596.0 2
1696877176250 90596.0 3
1696877176369 90596.0 4
1696877176484 90596.0 5
1696877176600 90596.0 6
1696877176721 90596.0 7
1696877176839 90596.0 8
1696877176961 90596.0 9
1696877177076 90596.0 10
1696877177202 90596.0 11
1696877177320 90596.0 12
1696877177438 90596.0 13
1696877177557 90596.0 14
1696877177674 90596.0 15
1696877177794 90596.0 16
1696877177911 90596.0 17
1696877178029 90596.0 18
1696877178148 90596.0 19
1696877178267 90596.0 20
1696877178386 90596.0 21
1696877178505 90596.0 22
1696877178620 90596.0 23
1696877178745 90596.0 24
1696877178865 90596.0 25
1696877178984 90596.0 26
1696877179101 90596.0 27
1696877179221 90596.0 28
1696877179340 90596.0 29
1696877179461 90596.0 30
1696877179584 90596.0 31
1696877179705 90596.0 32
1696877179825 90596.0 33
1696877179946 90596.0 34
1696877180064 90596.0 35
1696877180184 90596.0 36
1696877180302 90596.0 37
1696877180420 90596.0 38
1696877180540 90596.0 39
1696877180660 90596.0 40
1696877180779 90596.0 41
1696877180897 90596.0 42
1696877181016 90596.0 43
1696877181134 90596.0 44
1696877181253 90596.0 45
1696877181373 90596.0 46
1696877181491 90596.0 47
1696877181613 90596.0 48
1696877181736 90596.0 49
1696877181857 90596.0 50
1696877181977 90596.0 51
1696877182094 90596.0 52
1696877182214 90596.0 53
1696877182331 90596.0 54
1696877182452 90596.0 55
1696877182573 90596.0 56
1696877182696 90596.0 57
1696877182818 90596.0 58
1696877182938 90596.0 59
1696877183061 90596.0 60
1696877183180 90596.0 61
1696877183300 90596.0 62
1696877183420 90596.0 63
1696877183538 90596.0 64
1696877183681 90596.0 65
1696877183806 90596.0 66
1696877183925 90596.0 67
1696877184044 90596.0 68
1696877184162 90596.0 69
1696877184283 90596.0 70
1696877184404 90596.0 71
1696877184522 90596.0 72
1696877184643 90596.0 73
1696877184760 90596.0 74
1696877184878 90596.0 75
1696877184995 90596.0 76
1696877185117 90596.0 77
1696877185239 90596.0 78
1696877185359 90596.0 79
1696877185479 90596.0 80
1696877185600 90596.0 81
1696877185720 90596.0 82
1696877185842 90596.0 83
1696877185962 90596.0 84
1696877186083 90596.0 85
1696877186204 90596.0 86
1696877186326 90596.0 87
1696877186444 90596.0 88
1696877186565 90596.0 89
1696877186686 90596.0 90
1696877186806 90596.0 91
1696877186926 90596.0 92
1696877187049 90596.0 93
1696877187169 90596.0 94
1696877187292 90596.0 95
1696877187414 90596.0 96
1696877187536 90596.0 97
1696877187655 90596.0 98
1696877187773 90596.0 99
1696877187895 90596.0 100
