1696877176002 1696877175.0 1
1696877176130 1696877176.0 2
1696877176247 1696877176.0 3
1696877176365 1696877176.0 4
1696877176481 1696877176.0 5
1696877176597 1696877176.0 6
1696877176718 1696877176.0 7
1696877176835 1696877176.0 8
1696877176958 1696877176.0 9
1696877177073 1696877177.0 10
1696877177199 1696877177.0 11
1696877177317 1696877177.0 12
1696877177435 1696877177.0 13
1696877177553 1696877177.0 14
1696877177670 1696877177.0 15
1696877177791 1696877177.0 16
1696877177908 1696877177.0 17
1696877178026 1696877178.0 18
1696877178145 1696877178.0 19
1696877178264 1696877178.0 20
1696877178383 1696877178.0 21
1696877178501 1696877178.0 22
1696877178617 1696877178.0 23
1696877178742 1696877178.0 24
1696877178861 1696877178.0 25
1696877178981 1696877178.0 26
1696877179098 1696877179.0 27
1696877179218 1696877179.0 28
1696877179337 1696877179.0 29
1696877179458 1696877179.0 30
1696877179580 1696877179.0 31
1696877179701 1696877179.0 32
1696877179822 1696877179.0 33
1696877179942 1696877179.0 34
1696877180061 1696877180.0 35
1696877180180 1696877180.0 36
1696877180298 1696877180.0 37
1696877180416 1696877180.0 38
1696877180536 1696877180.0 39
1696877180656 1696877180.0 40
1696877180775 1696877180.0 41
1696877180894 1696877180.0 42
1696877181013 1696877181.0 43
1696877181130 1696877181.0 44
1696877181250 1696877181.0 45
1696877181370 1696877181.0 46
1696877181488 1696877181.0 47
1696877181610 1696877181.0 48
1696877181732 1696877181.0 49
1696877181853 1696877181.0 50
1696877181973 1696877181.0 51
1696877182091 1696877182.0 52
1696877182211 1696877182.0 53
1696877182328 1696877182.0 54
1696877182449 1696877182.0 55
1696877182570 1696877182.0 56
1696877182692 1696877182.0 57
1696877182814 1696877182.0 58
1696877182935 1696877182.0 59
1696877183058 1696877183.0 60
1696877183177 1696877183.0 61
1696877183296 1696877183.0 62
1696877183416 1696877183.0 63
1696877183535 1696877183.0 64
1696877183675 1696877183.0 65
1696877183801 1696877183.0 66
1696877183921 1696877183.0 67
1696877184040 1696877184.0 68
1696877184159 1696877184.0 69
1696877184280 1696877184.0 70
1696877184401 1696877184.0 71
1696877184518 1696877184.0 72
1696877184640 1696877184.0 73
1696877184757 1696877184.0 74
1696877184874 1696877184.0 75
1696877184992 1696877184.0 76
1696877185114 1696877185.0 77
1696877185235 1696877185.0 78
1696877185355 1696877185.0 79
1696877185476 1696877185.0 80
1696877185597 1696877185.0 81
1696877185716 1696877185.0 82
1696877185838 1696877185.0 83
1696877185958 1696877185.0 84
1696877186079 1696877186.0 85
1696877186200 1696877186.0 86
1696877186322 1696877186.0 87
1696877186441 1696877186.0 88
1696877186562 1696877186.0 89
1696877186683 1696877186.0 90
1696877186803 1696877186.0 91
1696877186923 1696877186.0 92
1696877187046 1696877187.0 93
1696877187166 1696877187.0 94
1696877187289 1696877187.0 95
1696877187411 1696877187.0 96
1696877187532 1696877187.0 97
1696877187652 1696877187.0 98
1696877187769 1696877187.0 99
1696877187892 1696877187.0 100
