1696877176005 0.0001957416534423828 1
1696877176132 0.10536885261535645 2
1696877176250 0.2085127830505371 3
1696877176368 0.313643217086792 4
1696877176483 0.41382622718811035 5
1696877176600 0.5168533325195312 6
1696877176721 0.619774341583252 7
1696877176838 0.7199192047119141 8
1696877176960 0.825066089630127 9
1696877177076 0.926079273223877 10
1696877177201 1.0276153087615967 11
1696877177320 1.1287171840667725 12
1696877177437 1.229065179824829 13
1696877177556 1.33184814453125 14
1696877177673 1.4337961673736572 15
1696877177794 1.5350379943847656 16
1696877177911 1.6357817649841309 17
1696877178028 1.7379577159881592 18
1696877178147 1.840207815170288 19
1696877178267 1.942732572555542 20
1696877178385 2.045133590698242 21
1696877178504 2.1502463817596436 22
1696877178620 2.2518534660339355 23
1696877178745 2.3535752296447754 24
1696877178864 2.4586803913116455 25
1696877178983 2.5637946128845215 26
1696877179101 2.6655313968658447 27
1696877179220 2.770141363143921 28
1696877179339 2.874175548553467 29
1696877179460 2.9790773391723633 30
1696877179583 3.082489252090454 31
1696877179704 3.1862123012542725 32
1696877179825 3.2905304431915283 33
1696877179945 3.3952796459198 34
1696877180064 3.496114730834961 35
1696877180183 3.6011109352111816 36
1696877180301 3.704415798187256 37
1696877180419 3.8050520420074463 38
1696877180539 3.9101722240448 39
1696877180659 4.0153021812438965 40
1696877180778 4.117241382598877 41
1696877180896 4.21772837638855 42
1696877181016 4.318298578262329 43
1696877181133 4.419736385345459 44
1696877181253 4.524131536483765 45
1696877181372 4.62896728515625 46
1696877181491 4.732597351074219 47
1696877181613 4.837709188461304 48
1696877181735 4.942823171615601 49
1696877181856 5.0479161739349365 50
1696877181976 5.152637958526611 51
1696877182094 5.254803895950317 52
1696877182213 5.3586108684539795 53
1696877182330 5.4599127769470215 54
1696877182452 5.56273078918457 55
1696877182572 5.666952610015869 56
1696877182695 5.767094850540161 57
1696877182817 5.86851167678833 58
1696877182937 5.9717857837677 59
1696877183061 6.074737787246704 60
1696877183180 6.176041841506958 61
1696877183299 6.278670072555542 62
1696877183419 6.382082939147949 63
1696877183538 6.484064817428589 64
1696877183681 6.588463544845581 65
1696877183805 6.693614482879639 66
1696877183924 6.794259786605835 67
1696877184043 6.894851922988892 68
1696877184162 6.995600938796997 69
1696877184283 7.100538015365601 70
1696877184403 7.204724073410034 71
1696877184521 7.305868148803711 72
1696877184642 7.410407066345215 73
1696877184760 7.510850191116333 74
1696877184877 7.6115641593933105 75
1696877184995 7.712039947509766 76
1696877185116 7.816727161407471 77
1696877185238 7.921294212341309 78
1696877185358 8.023932456970215 79
1696877185479 8.125856637954712 80
1696877185600 8.23089861869812 81
1696877185719 8.331242322921753 82
1696877185841 8.436391353607178 83
1696877185961 8.53870940208435 84
1696877186083 8.64137053489685 85
1696877186203 8.743332624435425 86
1696877186325 8.848434448242188 87
1696877186443 8.950143575668335 88
1696877186565 9.054437398910522 89
1696877186686 9.158315181732178 90
1696877186805 9.261236190795898 91
1696877186925 9.362818241119385 92
1696877187048 9.464808464050293 93
1696877187169 9.567252397537231 94
1696877187291 9.672362327575684 95
1696877187414 9.777510404586792 96
1696877187535 9.881141185760498 97
1696877187655 9.98321533203125 98
1696877187772 10.083595275878906 99
1696877187894 10.188002109527588 100
