1696877176004 0.0001957416534423828 1
1696877176132 0.10517311096191406 2
1696877176249 0.10314393043518066 3
1696877176367 0.10513043403625488 4
1696877176483 0.10018301010131836 5
1696877176599 0.1030271053314209 6
1696877176720 0.1029210090637207 7
1696877176837 0.10014486312866211 8
1696877176960 0.10514688491821289 9
1696877177075 0.10101318359375 10
1696877177201 0.10153603553771973 11
1696877177319 0.10110187530517578 12
1696877177437 0.10034799575805664 13
1696877177555 0.1027829647064209 14
1696877177672 0.10194802284240723 15
1696877177793 0.1012418270111084 16
1696877177910 0.10074377059936523 17
1696877178028 0.10217595100402832 18
1696877178147 0.1022500991821289 19
1696877178266 0.1025247573852539 20
1696877178385 0.1024010181427002 21
1696877178503 0.10511279106140137 22
1696877178619 0.10160708427429199 23
1696877178744 0.10172176361083984 24
1696877178863 0.10510516166687012 25
1696877178983 0.10511422157287598 26
1696877179100 0.10173678398132324 27
1696877179219 0.10460996627807617 28
1696877179339 0.1040341854095459 29
1696877179460 0.10490179061889648 30
1696877179582 0.10341191291809082 31
1696877179703 0.10372304916381836 32
1696877179824 0.10431814193725586 33
1696877179944 0.10474920272827148 34
1696877180063 0.10083508491516113 35
1696877180182 0.1049962043762207 36
1696877180300 0.10330486297607422 37
1696877180418 0.10063624382019043 38
1696877180538 0.10512018203735352 39
1696877180658 0.10512995719909668 40
1696877180777 0.10193920135498047 41
1696877180896 0.10048699378967285 42
1696877181015 0.1005702018737793 43
1696877181132 0.10143780708312988 44
1696877181252 0.10439515113830566 45
1696877181371 0.10483574867248535 46
1696877181490 0.10363006591796875 47
1696877181612 0.10511183738708496 48
1696877181734 0.10511398315429688 49
1696877181855 0.10509300231933594 50
1696877181975 0.1047217845916748 51
1696877182093 0.10216593742370605 52
1696877182212 0.10380697250366211 53
1696877182330 0.10130190849304199 54
1696877182451 0.10281801223754883 55
1696877182572 0.10422182083129883 56
1696877182694 0.10014224052429199 57
1696877182817 0.10141682624816895 58
1696877182937 0.10327410697937012 59
1696877183060 0.1029520034790039 60
1696877183179 0.1013040542602539 61
1696877183299 0.10262823104858398 62
1696877183418 0.10341286659240723 63
1696877183537 0.10198187828063965 64
1696877183680 0.10439872741699219 65
1696877183804 0.10515093803405762 66
1696877183923 0.10064530372619629 67
1696877184043 0.10059213638305664 68
1696877184161 0.10074901580810547 69
1696877184282 0.10493707656860352 70
1696877184403 0.1041860580444336 71
1696877184520 0.10114407539367676 72
1696877184642 0.1045389175415039 73
1696877184759 0.10044312477111816 74
1696877184877 0.10071396827697754 75
1696877184994 0.10047578811645508 76
1696877185116 0.10468721389770508 77
1696877185237 0.10456705093383789 78
1696877185357 0.10263824462890625 79
1696877185478 0.10192418098449707 80
1696877185599 0.1050419807434082 81
1696877185718 0.10034370422363281 82
1696877185840 0.1051490306854248 83
1696877185961 0.10231804847717285 84
1696877186082 0.1026611328125 85
1696877186202 0.10196208953857422 86
1696877186324 0.1051018238067627 87
1696877186443 0.10170912742614746 88
1696877186564 0.1042938232421875 89
1696877186685 0.10387778282165527 90
1696877186805 0.1029210090637207 91
1696877186925 0.10158205032348633 92
1696877187048 0.1019902229309082 93
1696877187168 0.10244393348693848 94
1696877187291 0.10510993003845215 95
1696877187413 0.1051480770111084 96
1696877187534 0.10363078117370605 97
1696877187654 0.10207414627075195 98
1696877187771 0.10037994384765625 99
1696877187894 0.10440683364868164 100
