1696877176007 0.0001957416534423828 1
1696877176134 0.10536885261535645 2
1696877176251 0.2085127830505371 3
1696877176370 0.313643217086792 4
1696877176485 0.41382622718811035 5
1696877176601 0.5168533325195312 6
1696877176722 0.619774341583252 7
1696877176840 0.7199192047119141 8
1696877176962 0.825066089630127 9
1696877177077 0.926079273223877 10
1696877177203 1.0276153087615967 11
1696877177321 1.1287171840667725 12
1696877177439 1.229065179824829 13
1696877177557 1.33184814453125 14
1696877177674 1.4337961673736572 15
1696877177795 1.5350379943847656 16
1696877177912 1.6357817649841309 17
1696877178030 1.7379577159881592 18
1696877178148 1.840207815170288 19
1696877178268 1.942732572555542 20
1696877178387 2.045133590698242 21
1696877178505 2.1502463817596436 22
1696877178621 2.2518534660339355 23
1696877178746 2.3535752296447754 24
1696877178866 2.4586803913116455 25
1696877178985 2.5637946128845215 26
1696877179102 2.6655313968658447 27
1696877179221 2.770141363143921 28
1696877179341 2.874175548553467 29
1696877179462 2.9790773391723633 30
1696877179584 3.082489252090454 31
1696877179705 3.1862123012542725 32
1696877179826 3.2905304431915283 33
1696877179946 3.3952796459198 34
1696877180065 3.496114730834961 35
1696877180184 3.6011109352111816 36
1696877180302 3.704415798187256 37
1696877180420 3.8050520420074463 38
1696877180540 3.9101722240448 39
1696877180660 4.0153021812438965 40
1696877180779 4.117241382598877 41
1696877180898 4.21772837638855 42
1696877181017 4.318298578262329 43
1696877181134 4.419736385345459 44
1696877181254 4.524131536483765 45
1696877181373 4.62896728515625 46
1696877181492 4.732597351074219 47
1696877181614 4.837709188461304 48
1696877181736 4.942823171615601 49
1696877181857 5.0479161739349365 50
1696877181978 5.152637958526611 51
1696877182095 5.254803895950317 52
1696877182214 5.3586108684539795 53
1696877182332 5.4599127769470215 54
1696877182453 5.56273078918457 55
1696877182574 5.666952610015869 56
1696877182696 5.767094850540161 57
1696877182819 5.86851167678833 58
1696877182939 5.9717857837677 59
1696877183062 6.074737787246704 60
1696877183181 6.176041841506958 61
1696877183301 6.278670072555542 62
1696877183420 6.382082939147949 63
1696877183539 6.484064817428589 64
1696877183682 6.588463544845581 65
1696877183807 6.693614482879639 66
1696877183925 6.794259786605835 67
1696877184045 6.894851922988892 68
1696877184163 6.995600938796997 69
1696877184284 7.100538015365601 70
1696877184405 7.204724073410034 71
1696877184522 7.305868148803711 72
1696877184644 7.410407066345215 73
1696877184761 7.510850191116333 74
1696877184879 7.6115641593933105 75
1696877184996 7.712039947509766 76
1696877185118 7.816727161407471 77
1696877185239 7.921294212341309 78
1696877185359 8.023932456970215 79
1696877185480 8.125856637954712 80
1696877185601 8.23089861869812 81
1696877185720 8.331242322921753 82
1696877185842 8.436391353607178 83
1696877185963 8.53870940208435 84
1696877186084 8.64137053489685 85
1696877186205 8.743332624435425 86
1696877186326 8.848434448242188 87
1696877186445 8.950143575668335 88
1696877186566 9.054437398910522 89
1696877186687 9.158315181732178 90
1696877186807 9.261236190795898 91
1696877186926 9.362818241119385 92
1696877187050 9.464808464050293 93
1696877187170 9.567252397537231 94
1696877187293 9.672362327575684 95
1696877187415 9.777510404586792 96
1696877187536 9.881141185760498 97
1696877187656 9.98321533203125 98
1696877187773 10.083595275878906 99
1696877187896 10.188002109527588 100
