1696877176004 1.0 1
1696877176131 2.0 2
1696877176248 3.0 3
1696877176367 4.0 4
1696877176482 5.0 5
1696877176598 6.0 6
1696877176719 7.0 7
1696877176837 8.0 8
1696877176959 9.0 9
1696877177074 10.0 10
1696877177200 11.0 11
1696877177318 12.0 12
1696877177436 13.0 13
1696877177555 14.0 14
1696877177672 15.0 15
1696877177792 16.0 16
1696877177909 17.0 17
1696877178027 18.0 18
1696877178146 19.0 19
1696877178265 20.0 20
1696877178384 21.0 21
1696877178503 22.0 22
1696877178619 23.0 23
1696877178743 24.0 24
1696877178863 25.0 25
1696877178982 26.0 26
1696877179099 27.0 27
1696877179219 28.0 28
1696877179338 29.0 29
1696877179459 30.0 30
1696877179582 31.0 31
1696877179702 32.0 32
1696877179823 33.0 33
1696877179944 34.0 34
1696877180062 35.0 35
1696877180182 36.0 36
1696877180300 37.0 37
1696877180418 38.0 38
1696877180538 39.0 39
1696877180658 40.0 40
1696877180777 41.0 41
1696877180895 42.0 42
1696877181014 43.0 43
1696877181132 44.0 44
1696877181251 45.0 45
1696877181371 46.0 46
1696877181489 47.0 47
1696877181611 48.0 48
1696877181734 49.0 49
1696877181855 50.0 50
1696877181975 51.0 51
1696877182092 52.0 52
1696877182212 53.0 53
1696877182329 54.0 54
1696877182451 55.0 55
1696877182571 56.0 56
1696877182694 57.0 57
1696877182816 58.0 58
1696877182936 59.0 59
1696877183059 60.0 60
1696877183178 61.0 61
1696877183298 62.0 62
1696877183418 63.0 63
1696877183536 64.0 64
1696877183679 65.0 65
1696877183803 66.0 66
1696877183922 67.0 67
1696877184042 68.0 68
1696877184161 69.0 69
1696877184281 70.0 70
1696877184402 71.0 71
1696877184519 72.0 72
1696877184641 73.0 73
1696877184758 74.0 74
1696877184876 75.0 75
1696877184994 76.0 76
1696877185115 77.0 77
1696877185236 78.0 78
1696877185357 79.0 79
1696877185477 80.0 80
1696877185599 81.0 81
1696877185717 82.0 82
1696877185839 83.0 83
1696877185960 84.0 84
1696877186081 85.0 85
1696877186202 86.0 86
1696877186324 87.0 87
1696877186442 88.0 88
1696877186563 89.0 89
1696877186685 90.0 90
1696877186804 91.0 91
1696877186924 92.0 92
1696877187047 93.0 93
1696877187167 94.0 94
1696877187290 95.0 95
1696877187412 96.0 96
1696877187534 97.0 97
1696877187653 98.0 98
1696877187771 99.0 99
1696877187893 100.0 100
