1696877176009 65.0 1
1696877176136 65.0 2
1696877176253 65.0 3
1696877176372 65.0 4
1696877176487 65.0 5
1696877176603 65.0 6
1696877176724 65.0 7
1696877176842 65.0 8
1696877176963 65.0 9
1696877177079 65.0 10
1696877177205 65.0 11
1696877177323 65.0 12
1696877177441 65.0 13
1696877177559 65.0 14
1696877177676 65.0 15
1696877177797 65.0 16
1696877177914 65.0 17
1696877178032 65.0 18
1696877178150 65.0 19
1696877178270 65.0 20
1696877178388 65.0 21
1696877178507 65.0 22
1696877178623 65.0 23
1696877178748 65.0 24
1696877178867 65.0 25
1696877178987 65.0 26
1696877179104 65.0 27
1696877179223 65.0 28
1696877179343 65.0 29
1696877179464 65.0 30
1696877179586 65.0 31
1696877179707 65.0 32
1696877179828 65.0 33
1696877179948 65.0 34
1696877180067 65.0 35
1696877180186 65.0 36
1696877180304 65.0 37
1696877180422 65.0 38
1696877180542 65.0 39
1696877180662 65.0 40
1696877180781 65.0 41
1696877180900 65.0 42
1696877181019 65.0 43
1696877181137 65.0 44
1696877181256 65.0 45
1696877181375 65.0 46
1696877181494 65.0 47
1696877181616 65.0 48
1696877181738 65.0 49
1696877181859 65.0 50
1696877181979 65.0 51
1696877182097 65.0 52
1696877182216 65.0 53
1696877182334 65.0 54
1696877182455 65.0 55
1696877182575 65.0 56
1696877182698 65.0 57
1696877182821 65.0 58
1696877182941 65.0 59
1696877183064 65.0 60
1696877183183 65.0 61
1696877183303 65.0 62
1696877183422 65.0 63
1696877183541 65.0 64
1696877183685 65.0 65
1696877183809 65.0 66
1696877183928 65.0 67
1696877184048 65.0 68
1696877184165 65.0 69
1696877184286 65.0 70
1696877184407 65.0 71
1696877184524 65.0 72
1696877184646 65.0 73
1696877184763 65.0 74
1696877184881 65.0 75
1696877184998 65.0 76
1696877185120 65.0 77
1696877185241 65.0 78
1696877185361 65.0 79
1696877185482 65.0 80
1696877185603 65.0 81
1696877185722 65.0 82
1696877185845 65.0 83
1696877185965 65.0 84
1696877186087 65.0 85
1696877186206 65.0 86
1696877186328 65.0 87
1696877186447 65.0 88
1696877186568 65.0 89
1696877186689 65.0 90
1696877186809 65.0 91
1696877186928 65.0 92
1696877187052 65.0 93
1696877187172 65.0 94
1696877187295 65.0 95
1696877187417 65.0 96
1696877187538 65.0 97
1696877187658 65.0 98
1696877187775 65.0 99
1696877187898 65.0 100
