1696877176010 100.0 1
1696877176137 100.0 2
1696877176253 100.0 3
1696877176372 100.0 4
1696877176487 100.0 5
1696877176604 100.0 6
1696877176725 100.0 7
1696877176842 100.0 8
1696877176964 100.0 9
1696877177080 100.0 10
1696877177206 100.0 11
1696877177324 100.0 12
1696877177442 100.0 13
1696877177560 100.0 14
1696877177677 100.0 15
1696877177798 100.0 16
1696877177915 100.0 17
1696877178033 100.0 18
1696877178151 100.0 19
1696877178271 100.0 20
1696877178389 100.0 21
1696877178508 100.0 22
1696877178624 100.0 23
1696877178749 100.0 24
1696877178868 100.0 25
1696877178987 100.0 26
1696877179104 100.0 27
1696877179224 100.0 28
1696877179343 100.0 29
1696877179464 100.0 30
1696877179587 100.0 31
1696877179708 100.0 32
1696877179829 100.0 33
1696877179949 100.0 34
1696877180067 100.0 35
1696877180187 100.0 36
1696877180305 100.0 37
1696877180423 100.0 38
1696877180543 100.0 39
1696877180663 100.0 40
1696877180782 100.0 41
1696877180900 100.0 42
1696877181020 100.0 43
1696877181137 100.0 44
1696877181257 100.0 45
1696877181376 100.0 46
1696877181494 100.0 47
1696877181617 100.0 48
1696877181739 100.0 49
1696877181860 100.0 50
1696877181980 100.0 51
1696877182098 100.0 52
1696877182217 100.0 53
1696877182334 100.0 54
1696877182456 100.0 55
1696877182576 100.0 56
1696877182699 100.0 57
1696877182821 100.0 58
1696877182941 100.0 59
1696877183065 100.0 60
1696877183184 100.0 61
1696877183303 100.0 62
1696877183423 100.0 63
1696877183541 100.0 64
1696877183685 100.0 65
1696877183810 100.0 66
1696877183928 100.0 67
1696877184049 100.0 68
1696877184166 100.0 69
1696877184287 100.0 70
1696877184407 100.0 71
1696877184525 100.0 72
1696877184646 100.0 73
1696877184764 100.0 74
1696877184882 100.0 75
1696877184999 100.0 76
1696877185120 100.0 77
1696877185242 100.0 78
1696877185362 100.0 79
1696877185482 100.0 80
1696877185604 100.0 81
1696877185723 100.0 82
1696877185845 100.0 83
1696877185965 100.0 84
1696877186087 100.0 85
1696877186207 100.0 86
1696877186329 100.0 87
1696877186447 100.0 88
1696877186569 100.0 89
1696877186690 100.0 90
1696877186809 100.0 91
1696877186929 100.0 92
1696877187052 100.0 93
1696877187173 100.0 94
1696877187295 100.0 95
1696877187418 100.0 96
1696877187539 100.0 97
1696877187658 100.0 98
1696877187776 100.0 99
1696877187898 100.0 100
