1696877176008 22.0 1
1696877176136 22.0 2
1696877176252 22.0 3
1696877176371 22.0 4
1696877176486 22.0 5
1696877176602 22.0 6
1696877176723 22.0 7
1696877176841 22.0 8
1696877176963 22.0 9
1696877177078 22.0 10
1696877177204 22.0 11
1696877177322 22.0 12
1696877177440 22.0 13
1696877177559 22.0 14
1696877177676 22.0 15
1696877177796 22.0 16
1696877177913 22.0 17
1696877178031 22.0 18
1696877178150 22.0 19
1696877178269 22.0 20
1696877178388 22.0 21
1696877178507 22.0 22
1696877178623 22.0 23
1696877178748 22.0 24
1696877178867 22.0 25
1696877178986 22.0 26
1696877179103 22.0 27
1696877179223 22.0 28
1696877179342 22.0 29
1696877179463 22.0 30
1696877179585 22.0 31
1696877179706 22.0 32
1696877179828 22.0 33
1696877179948 22.0 34
1696877180066 22.0 35
1696877180186 22.0 36
1696877180304 22.0 37
1696877180421 22.0 38
1696877180542 22.0 39
1696877180661 22.0 40
1696877180781 22.0 41
1696877180899 22.0 42
1696877181018 22.0 43
1696877181136 22.0 44
1696877181255 22.0 45
1696877181375 22.0 46
1696877181493 22.0 47
1696877181615 22.0 48
1696877181738 22.0 49
1696877181859 22.0 50
1696877181979 22.0 51
1696877182097 22.0 52
1696877182216 22.0 53
1696877182333 22.0 54
1696877182454 22.0 55
1696877182575 22.0 56
1696877182698 22.0 57
1696877182820 22.0 58
1696877182940 22.0 59
1696877183063 22.0 60
1696877183182 22.0 61
1696877183302 22.0 62
1696877183422 22.0 63
1696877183540 22.0 64
1696877183684 22.0 65
1696877183808 22.0 66
1696877183927 22.0 67
1696877184047 22.0 68
1696877184164 22.0 69
1696877184285 22.0 70
1696877184406 22.0 71
1696877184524 22.0 72
1696877184645 22.0 73
1696877184762 22.0 74
1696877184881 22.0 75
1696877184997 22.0 76
1696877185119 22.0 77
1696877185241 22.0 78
1696877185361 22.0 79
1696877185481 22.0 80
1696877185602 22.0 81
1696877185722 22.0 82
1696877185844 22.0 83
1696877185964 22.0 84
1696877186086 22.0 85
1696877186206 22.0 86
1696877186328 22.0 87
1696877186446 22.0 88
1696877186567 22.0 89
1696877186688 22.0 90
1696877186808 22.0 91
1696877186928 22.0 92
1696877187051 22.0 93
1696877187172 22.0 94
1696877187294 22.0 95
1696877187416 22.0 96
1696877187538 22.0 97
1696877187657 22.0 98
1696877187775 22.0 99
1696877187897 22.0 100
