1696877175985 0.0 1
1696877176115 0.0 2
1696877176234 0.0 3
1696877176351 0.0 4
1696877176469 0.0 5
1696877176584 0.0 6
1696877176704 0.0 7
1696877176823 0.0 8
1696877176944 0.0 9
1696877177061 0.0 10
1696877177186 0.0 11
1696877177304 0.0 12
1696877177422 0.0 13
1696877177541 0.0 14
1696877177658 0.0 15
1696877177777 0.0 16
1696877177895 0.0 17
1696877178013 0.0 18
1696877178132 0.0 19
1696877178251 0.0 20
1696877178369 0.0 21
1696877178488 0.0 22
1696877178605 0.0 23
1696877178729 0.0 24
1696877178846 0.0 25
1696877178964 0.0 26
1696877179084 0.0 27
1696877179205 0.0 28
1696877179323 0.0 29
1696877179444 0.0 30
1696877179566 0.0 31
1696877179686 0.0 32
1696877179808 0.0 33
1696877179928 0.0 34
1696877180047 0.0 35
1696877180165 0.0 36
1696877180285 0.0 37
1696877180402 0.0 38
1696877180520 0.0 39
1696877180640 0.0 40
1696877180761 0.0 41
1696877180880 0.0 42
1696877181000 0.0 43
1696877181116 0.0 44
1696877181235 0.0 45
1696877181355 0.0 46
1696877181472 0.0 47
1696877181596 0.0 48
1696877181718 0.0 49
1696877181838 0.0 50
1696877181957 0.0 51
1696877182075 0.0 52
1696877182194 0.0 53
1696877182313 0.0 54
1696877182434 0.0 55
1696877182555 0.0 56
1696877182677 0.0 57
1696877182799 0.0 58
1696877182920 0.0 59
1696877183041 0.0 60
1696877183161 0.0 61
1696877183280 0.0 62
1696877183399 0.0 63
1696877183520 0.0 64
1696877183644 0.0 65
1696877183775 0.0 66
1696877183894 0.0 67
1696877184015 0.0 68
1696877184138 0.0 69
1696877184259 0.0 70
1696877184377 0.0 71
1696877184498 0.0 72
1696877184617 0.0 73
1696877184733 0.0 74
1696877184854 0.0 75
1696877184976 0.0 76
1696877185098 0.0 77
1696877185217 0.0 78
1696877185339 0.0 79
1696877185460 0.0 80
1696877185579 0.0 81
1696877185700 0.0 82
1696877185821 0.0 83
1696877185941 0.0 84
1696877186063 0.0 85
1696877186181 0.0 86
1696877186300 0.0 87
1696877186419 0.0 88
1696877186544 0.0 89
1696877186666 0.0 90
1696877186785 0.0 91
1696877186905 0.0 92
1696877187028 0.0 93
1696877187149 0.0 94
1696877187267 0.0 95
1696877187385 0.0 96
1696877187508 0.0 97
1696877187631 0.0 98
1696877187749 0.0 99
1696877187871 0.0 100
