1696877175982 0.0 1
1696877176113 1.0 2
1696877176232 2.0 3
1696877176349 3.0 4
1696877176467 4.0 5
1696877176582 5.0 6
1696877176702 6.0 7
1696877176820 7.0 8
1696877176942 8.0 9
1696877177059 9.0 10
1696877177184 10.0 11
1696877177302 11.0 12
1696877177420 12.0 13
1696877177539 13.0 14
1696877177656 14.0 15
1696877177775 15.0 16
1696877177893 16.0 17
1696877178011 17.0 18
1696877178130 18.0 19
1696877178248 19.0 20
1696877178367 20.0 21
1696877178486 21.0 22
1696877178603 22.0 23
1696877178726 23.0 24
1696877178844 24.0 25
1696877178962 25.0 26
1696877179082 26.0 27
1696877179203 27.0 28
1696877179321 28.0 29
1696877179442 29.0 30
1696877179564 30.0 31
1696877179684 31.0 32
1696877179806 32.0 33
1696877179926 33.0 34
1696877180045 34.0 35
1696877180163 35.0 36
1696877180283 36.0 37
1696877180400 37.0 38
1696877180518 38.0 39
1696877180638 39.0 40
1696877180759 40.0 41
1696877180878 41.0 42
1696877180998 42.0 43
1696877181114 43.0 44
1696877181233 44.0 45
1696877181353 45.0 46
1696877181470 46.0 47
1696877181594 47.0 48
1696877181716 48.0 49
1696877181836 49.0 50
1696877181955 50.0 51
1696877182073 51.0 52
1696877182192 52.0 53
1696877182311 53.0 54
1696877182432 54.0 55
1696877182553 55.0 56
1696877182675 56.0 57
1696877182797 57.0 58
1696877182918 58.0 59
1696877183039 59.0 60
1696877183159 60.0 61
1696877183278 61.0 62
1696877183397 62.0 63
1696877183517 63.0 64
1696877183642 64.0 65
1696877183773 65.0 66
1696877183892 66.0 67
1696877184012 67.0 68
1696877184136 68.0 69
1696877184257 69.0 70
1696877184374 70.0 71
1696877184496 71.0 72
1696877184614 72.0 73
1696877184731 73.0 74
1696877184852 74.0 75
1696877184974 75.0 76
1696877185096 76.0 77
1696877185215 77.0 78
1696877185337 78.0 79
1696877185458 79.0 80
1696877185577 80.0 81
1696877185697 81.0 82
1696877185819 82.0 83
1696877185939 83.0 84
1696877186061 84.0 85
1696877186179 85.0 86
1696877186298 86.0 87
1696877186417 87.0 88
1696877186542 88.0 89
1696877186664 89.0 90
1696877186783 90.0 91
1696877186903 91.0 92
1696877187026 92.0 93
1696877187147 93.0 94
1696877187265 94.0 95
1696877187383 95.0 96
1696877187506 96.0 97
1696877187628 97.0 98
1696877187747 98.0 99
1696877187869 99.0 100
