1696877175990 1.0 1
1696877176120 2.0 2
1696877176238 3.0 3
1696877176355 4.0 4
1696877176472 5.0 5
1696877176588 6.0 6
1696877176709 7.0 7
1696877176827 8.0 8
1696877176948 9.0 9
1696877177065 10.0 10
1696877177190 11.0 11
1696877177308 12.0 12
1696877177426 13.0 13
1696877177545 14.0 14
1696877177662 15.0 15
1696877177782 16.0 16
1696877177899 17.0 17
1696877178017 18.0 18
1696877178136 19.0 19
1696877178255 20.0 20
1696877178373 21.0 21
1696877178491 22.0 22
1696877178609 23.0 23
1696877178732 24.0 24
1696877178850 25.0 25
1696877178968 26.0 26
1696877179088 27.0 27
1696877179208 28.0 28
1696877179327 29.0 29
1696877179448 30.0 30
1696877179570 31.0 31
1696877179690 32.0 32
1696877179812 33.0 33
1696877179932 34.0 34
1696877180051 35.0 35
1696877180169 36.0 36
1696877180289 37.0 37
1696877180406 38.0 38
1696877180524 39.0 39
1696877180644 40.0 40
1696877180765 41.0 41
1696877180884 42.0 42
1696877181003 43.0 43
1696877181120 44.0 44
1696877181238 45.0 45
1696877181359 46.0 46
1696877181476 47.0 47
1696877181600 48.0 48
1696877181722 49.0 49
1696877181843 50.0 50
1696877181960 51.0 51
1696877182079 52.0 52
1696877182198 53.0 53
1696877182317 54.0 54
1696877182438 55.0 55
1696877182559 56.0 56
1696877182681 57.0 57
1696877182803 58.0 58
1696877182924 59.0 59
1696877183046 60.0 60
1696877183165 61.0 61
1696877183284 62.0 62
1696877183403 63.0 63
1696877183524 64.0 64
1696877183649 65.0 65
1696877183780 66.0 66
1696877183899 67.0 67
1696877184020 68.0 68
1696877184142 69.0 69
1696877184263 70.0 70
1696877184381 71.0 71
1696877184502 72.0 72
1696877184620 73.0 73
1696877184738 74.0 74
1696877184858 75.0 75
1696877184980 76.0 76
1696877185102 77.0 77
1696877185221 78.0 78
1696877185343 79.0 79
1696877185464 80.0 80
1696877185583 81.0 81
1696877185704 82.0 82
1696877185825 83.0 83
1696877185946 84.0 84
1696877186067 85.0 85
1696877186185 86.0 86
1696877186304 87.0 87
1696877186423 88.0 88
1696877186548 89.0 89
1696877186670 90.0 90
1696877186789 91.0 91
1696877186910 92.0 92
1696877187033 93.0 93
1696877187153 94.0 94
1696877187271 95.0 95
1696877187389 96.0 96
1696877187512 97.0 97
1696877187634 98.0 98
1696877187753 99.0 99
1696877187876 100.0 100
