1696877175983 14.2 1
1696877176114 5.286956521739131 2
1696877176232 4.774712643678161 3
1696877176350 4.590625 4
1696877176467 4.495857988165681 5
1696877176583 4.438095238095238 6
1696877176703 4.399203187250996 7
1696877176821 4.3712328767123285 8
1696877176943 4.35015015015015 9
1696877177059 4.333689839572193 10
1696877177185 4.320481927710843 11
1696877177302 4.309649122807018 12
1696877177421 4.3006036217303825 13
1696877177540 4.292936802973978 14
1696877177656 4.286355785837651 15
1696877177776 4.280645161290323 16
1696877177893 4.275642965204236 17
1696877178012 4.2712250712250714 18
1696877178131 4.2672947510094215 19
1696877178249 4.2637755102040815 20
1696877178368 4.260606060606061 21
1696877178486 4.257736720554273 22
1696877178603 4.255126791620728 23
1696877178727 4.252742616033755 24
1696877178845 4.250556117290192 25
1696877178962 4.248543689320389 26
1696877179083 4.246685340802988 27
1696877179203 4.2449640287769785 28
1696877179322 4.243365134431917 29
1696877179443 4.241876046901172 30
1696877179565 4.240485829959514 31
1696877179685 4.239184952978056 32
1696877179807 4.237965072133637 33
1696877179927 4.236818851251841 34
1696877180045 4.235739814152967 35
1696877180164 4.2347222222222225 36
1696877180284 4.233760972316003 37
1696877180401 4.232851511169514 38
1696877180519 4.231989763275752 39
1696877180639 4.231172069825437 40
1696877180760 4.230395136778116 41
1696877180878 4.229655990510083 42
1696877180998 4.228951939779965 43
1696877181115 4.228280542986425 44
1696877181233 4.227639579878386 45
1696877181353 4.227027027027027 46
1696877181471 4.22644103648863 47
1696877181595 4.225879917184265 48
1696877181717 4.225342118601115 49
1696877181837 4.224826216484608 50
1696877181955 4.224330900243309 51
1696877182074 4.223854961832061 52
1696877182193 4.223397285914834 53
1696877182312 4.222956841138659 54
1696877182433 4.2225326723749435 55
1696877182554 4.22212389380531 56
1696877182676 4.221729682746632 57
1696877182798 4.22134927412468 58
1696877182919 4.220981955518255 59
1696877183039 4.220627062706271 60
1696877183160 4.220283975659229 61
1696877183279 4.219952114924182 62
1696877183397 4.219630938358854 63
1696877183518 4.219319938176198 64
1696877183642 4.2190186382655 65
1696877183774 4.2187265917603 66
1696877183893 4.2184433788270015 67
1696877184013 4.218168604651163 68
1696877184137 4.217901897601146 69
1696877184258 4.2176429075511646 70
1696877184375 4.217391304347826 71
1696877184497 4.217146776406036 72
1696877184615 4.2169090294217115 73
1696877184732 4.216677785190127 74
1696877184852 4.216452780519908 75
1696877184975 4.216233766233766 76
1696877185097 4.216020506247998 77
1696877185215 4.215812776723593 78
1696877185337 4.215610365282548 79
1696877185458 4.215413070283601 80
1696877185578 4.215220700152207 81
1696877185698 4.215033072760073 82
1696877185819 4.214850014850015 83
1696877185940 4.214671361502347 84
1696877186062 4.214496955639316 85
1696877186180 4.21432664756447 86
1696877186299 4.2141602945341265 87
1696877186418 4.2139977603583425 88
1696877186543 4.213838915029062 89
1696877186665 4.2136836343732895 90
1696877186784 4.213531799729364 91
1696877186904 4.21338329764454 92
1696877187027 4.213238019592269 93
1696877187148 4.213095861707701 94
1696877187266 4.212956724540036 95
1696877187384 4.212820512820513 96
1696877187507 4.212687135244862 97
1696877187629 4.2125565042692115 98
1696877187748 4.212428535918469 99
1696877187870 4.212303149606299 100
