1696877175988 90598.0 1
1696877176118 90598.0 2
1696877176237 90598.0 3
1696877176354 90598.0 4
1696877176471 90598.0 5
1696877176587 90598.0 6
1696877176707 90598.0 7
1696877176826 90598.0 8
1696877176947 90598.0 9
1696877177063 90598.0 10
1696877177189 90598.0 11
1696877177307 90598.0 12
1696877177425 90598.0 13
1696877177544 90598.0 14
1696877177661 90598.0 15
1696877177780 90598.0 16
1696877177897 90598.0 17
1696877178016 90598.0 18
1696877178134 90598.0 19
1696877178253 90598.0 20
1696877178371 90598.0 21
1696877178490 90598.0 22
1696877178607 90598.0 23
1696877178731 90598.0 24
1696877178848 90598.0 25
1696877178966 90598.0 26
1696877179087 90598.0 27
1696877179207 90598.0 28
1696877179326 90598.0 29
1696877179447 90598.0 30
1696877179569 90598.0 31
1696877179689 90598.0 32
1696877179811 90598.0 33
1696877179931 90598.0 34
1696877180049 90598.0 35
1696877180168 90598.0 36
1696877180287 90598.0 37
1696877180405 90598.0 38
1696877180523 90598.0 39
1696877180643 90598.0 40
1696877180763 90598.0 41
1696877180882 90598.0 42
1696877181002 90598.0 43
1696877181119 90598.0 44
1696877181237 90598.0 45
1696877181357 90598.0 46
1696877181475 90598.0 47
1696877181598 90598.0 48
1696877181721 90598.0 49
1696877181841 90598.0 50
1696877181959 90598.0 51
1696877182078 90598.0 52
1696877182197 90598.0 53
1696877182316 90598.0 54
1696877182436 90598.0 55
1696877182558 90598.0 56
1696877182680 90598.0 57
1696877182802 90598.0 58
1696877182922 90598.0 59
1696877183045 90598.0 60
1696877183164 90598.0 61
1696877183283 90598.0 62
1696877183401 90598.0 63
1696877183522 90598.0 64
1696877183648 90598.0 65
1696877183778 90598.0 66
1696877183897 90598.0 67
1696877184018 90598.0 68
1696877184141 90598.0 69
1696877184262 90598.0 70
1696877184380 90598.0 71
1696877184501 90598.0 72
1696877184619 90598.0 73
1696877184736 90598.0 74
1696877184857 90598.0 75
1696877184979 90598.0 76
1696877185101 90598.0 77
1696877185220 90598.0 78
1696877185341 90598.0 79
1696877185462 90598.0 80
1696877185582 90598.0 81
1696877185702 90598.0 82
1696877185823 90598.0 83
1696877185944 90598.0 84
1696877186065 90598.0 85
1696877186184 90598.0 86
1696877186303 90598.0 87
1696877186422 90598.0 88
1696877186547 90598.0 89
1696877186669 90598.0 90
1696877186787 90598.0 91
1696877186908 90598.0 92
1696877187031 90598.0 93
1696877187152 90598.0 94
1696877187270 90598.0 95
1696877187388 90598.0 96
1696877187511 90598.0 97
1696877187633 90598.0 98
1696877187751 90598.0 99
1696877187874 90598.0 100
