1696877175984 1696877175.0 1
1696877176115 1696877176.0 2
1696877176233 1696877176.0 3
1696877176351 1696877176.0 4
1696877176468 1696877176.0 5
1696877176584 1696877176.0 6
1696877176704 1696877176.0 7
1696877176822 1696877176.0 8
1696877176943 1696877176.0 9
1696877177060 1696877177.0 10
1696877177186 1696877177.0 11
1696877177303 1696877177.0 12
1696877177422 1696877177.0 13
1696877177540 1696877177.0 14
1696877177657 1696877177.0 15
1696877177777 1696877177.0 16
1696877177894 1696877177.0 17
1696877178012 1696877178.0 18
1696877178131 1696877178.0 19
1696877178250 1696877178.0 20
1696877178368 1696877178.0 21
1696877178487 1696877178.0 22
1696877178604 1696877178.0 23
1696877178728 1696877178.0 24
1696877178845 1696877178.0 25
1696877178963 1696877178.0 26
1696877179084 1696877179.0 27
1696877179204 1696877179.0 28
1696877179323 1696877179.0 29
1696877179444 1696877179.0 30
1696877179566 1696877179.0 31
1696877179686 1696877179.0 32
1696877179808 1696877179.0 33
1696877179928 1696877179.0 34
1696877180046 1696877180.0 35
1696877180164 1696877180.0 36
1696877180284 1696877180.0 37
1696877180401 1696877180.0 38
1696877180519 1696877180.0 39
1696877180640 1696877180.0 40
1696877180760 1696877180.0 41
1696877180879 1696877180.0 42
1696877180999 1696877180.0 43
1696877181115 1696877181.0 44
1696877181234 1696877181.0 45
1696877181354 1696877181.0 46
1696877181472 1696877181.0 47
1696877181595 1696877181.0 48
1696877181718 1696877181.0 49
1696877181838 1696877181.0 50
1696877181956 1696877181.0 51
1696877182075 1696877182.0 52
1696877182194 1696877182.0 53
1696877182313 1696877182.0 54
1696877182433 1696877182.0 55
1696877182554 1696877182.0 56
1696877182676 1696877182.0 57
1696877182798 1696877182.0 58
1696877182919 1696877182.0 59
1696877183040 1696877183.0 60
1696877183161 1696877183.0 61
1696877183280 1696877183.0 62
1696877183398 1696877183.0 63
1696877183519 1696877183.0 64
1696877183643 1696877183.0 65
1696877183775 1696877183.0 66
1696877183894 1696877183.0 67
1696877184014 1696877184.0 68
1696877184137 1696877184.0 69
1696877184258 1696877184.0 70
1696877184376 1696877184.0 71
1696877184497 1696877184.0 72
1696877184616 1696877184.0 73
1696877184733 1696877184.0 74
1696877184853 1696877184.0 75
1696877184975 1696877184.0 76
1696877185097 1696877185.0 77
1696877185216 1696877185.0 78
1696877185338 1696877185.0 79
1696877185459 1696877185.0 80
1696877185579 1696877185.0 81
1696877185699 1696877185.0 82
1696877185820 1696877185.0 83
1696877185941 1696877185.0 84
1696877186062 1696877186.0 85
1696877186181 1696877186.0 86
1696877186299 1696877186.0 87
1696877186419 1696877186.0 88
1696877186544 1696877186.0 89
1696877186665 1696877186.0 90
1696877186784 1696877186.0 91
1696877186905 1696877186.0 92
1696877187028 1696877187.0 93
1696877187148 1696877187.0 94
1696877187267 1696877187.0 95
1696877187384 1696877187.0 96
1696877187507 1696877187.0 97
1696877187630 1696877187.0 98
1696877187748 1696877187.0 99
1696877187871 1696877187.0 100
