1696877175989 0.00023412704467773438 1
1696877176119 0.10599327087402344 2
1696877176237 0.20724129676818848 3
1696877176355 0.3083503246307373 4
1696877176472 0.4126474857330322 5
1696877176588 0.5156514644622803 6
1696877176708 0.617450475692749 7
1696877176826 0.7212605476379395 8
1696877176947 0.825237512588501 9
1696877177064 0.9254646301269531 10
1696877177189 1.0305805206298828 11
1696877177308 1.1323504447937012 12
1696877177425 1.232567310333252 13
1696877177544 1.3361570835113525 14
1696877177661 1.4371721744537354 15
1696877177781 1.5412943363189697 16
1696877177898 1.644439697265625 17
1696877178016 1.749023675918579 18
1696877178135 1.8530263900756836 19
1696877178254 1.956822395324707 20
1696877178372 2.0615234375 21
1696877178491 2.164424419403076 22
1696877178608 2.2651994228363037 23
1696877178732 2.366711378097534 24
1696877178849 2.4694831371307373 25
1696877178967 2.573075294494629 26
1696877179088 2.6781842708587646 27
1696877179208 2.7807424068450928 28
1696877179326 2.883124351501465 29
1696877179448 2.9873151779174805 30
1696877179570 3.0898711681365967 31
1696877179690 3.1941871643066406 32
1696877179812 3.2985260486602783 33
1696877179931 3.4037158489227295 34
1696877180050 3.5072197914123535 35
1696877180168 3.6085519790649414 36
1696877180288 3.709442138671875 37
1696877180405 3.8110761642456055 38
1696877180523 3.911907911300659 39
1696877180644 4.016417026519775 40
1696877180764 4.121521949768066 41
1696877180883 4.225313663482666 42
1696877181003 4.33043360710144 43
1696877181119 4.432280540466309 44
1696877181238 4.5358686447143555 45
1696877181358 4.640918493270874 46
1696877181475 4.74236536026001 47
1696877181599 4.847511529922485 48
1696877181721 4.952629566192627 49
1696877181842 5.057741641998291 50
1696877181960 5.160698652267456 51
1696877182078 5.264353513717651 52
1696877182197 5.367960453033447 53
1696877182317 5.469500303268433 54
1696877182437 5.574475526809692 55
1696877182558 5.676446437835693 56
1696877182680 5.781580209732056 57
1696877182803 5.882959365844727 58
1696877182923 5.98587441444397 59
1696877183045 6.0906593799591064 60
1696877183164 6.193217515945435 61
1696877183284 6.295959234237671 62
1696877183402 6.398211240768433 63
1696877183523 6.50068736076355 64
1696877183649 6.604422330856323 65
1696877183779 6.706796407699585 66
1696877183898 6.807994365692139 67
1696877184019 6.909998416900635 68
1696877184141 7.015019416809082 69
1696877184262 7.1201794147491455 70
1696877184380 7.220878601074219 71
1696877184501 7.32572865486145 72
1696877184620 7.427665710449219 73
1696877184737 7.528106689453125 74
1696877184857 7.628453731536865 75
1696877184980 7.733568906784058 76
1696877185102 7.83838152885437 77
1696877185220 7.940510272979736 78
1696877185342 8.045620441436768 79
1696877185463 8.149861335754395 80
1696877185582 8.251959323883057 81
1696877185703 8.35484004020691 82
1696877185824 8.456629991531372 83
1696877185945 8.559967994689941 84
1696877186066 8.662163019180298 85
1696877186185 8.763698101043701 86
1696877186304 8.86572003364563 87
1696877186422 8.96738600730896 88
1696877186548 9.071690797805786 89
1696877186669 9.176350831985474 90
1696877186788 9.278428077697754 91
1696877186909 9.379842042922974 92
1696877187032 9.48499608039856 93
1696877187152 9.58691120147705 94
1696877187271 9.687390327453613 95
1696877187388 9.788042306900024 96
1696877187511 9.890913963317871 97
1696877187634 9.996022939682007 98
1696877187752 10.097100973129272 99
1696877187875 10.202215909957886 100
