1696877175987 0.00023412704467773438 1
1696877176118 0.10599327087402344 2
1696877176236 0.20724129676818848 3
1696877176353 0.3083503246307373 4
1696877176471 0.4126474857330322 5
1696877176586 0.5156514644622803 6
1696877176706 0.617450475692749 7
1696877176825 0.7212605476379395 8
1696877176946 0.825237512588501 9
1696877177063 0.9254646301269531 10
1696877177188 1.0305805206298828 11
1696877177306 1.1323504447937012 12
1696877177424 1.232567310333252 13
1696877177543 1.3361570835113525 14
1696877177660 1.4371721744537354 15
1696877177780 1.5412943363189697 16
1696877177897 1.644439697265625 17
1696877178015 1.749023675918579 18
1696877178134 1.8530263900756836 19
1696877178253 1.956822395324707 20
1696877178371 2.0615234375 21
1696877178490 2.164424419403076 22
1696877178607 2.2651994228363037 23
1696877178731 2.366711378097534 24
1696877178848 2.4694831371307373 25
1696877178966 2.573075294494629 26
1696877179086 2.6781842708587646 27
1696877179206 2.7807424068450928 28
1696877179325 2.883124351501465 29
1696877179446 2.9873151779174805 30
1696877179568 3.0898711681365967 31
1696877179688 3.1941871643066406 32
1696877179810 3.2985260486602783 33
1696877179930 3.4037158489227295 34
1696877180049 3.5072197914123535 35
1696877180167 3.6085519790649414 36
1696877180287 3.709442138671875 37
1696877180404 3.8110761642456055 38
1696877180522 3.911907911300659 39
1696877180642 4.016417026519775 40
1696877180763 4.121521949768066 41
1696877180882 4.225313663482666 42
1696877181001 4.33043360710144 43
1696877181118 4.432280540466309 44
1696877181236 4.5358686447143555 45
1696877181357 4.640918493270874 46
1696877181474 4.74236536026001 47
1696877181598 4.847511529922485 48
1696877181720 4.952629566192627 49
1696877181840 5.057741641998291 50
1696877181959 5.160698652267456 51
1696877182077 5.264353513717651 52
1696877182196 5.367960453033447 53
1696877182315 5.469500303268433 54
1696877182436 5.574475526809692 55
1696877182557 5.676446437835693 56
1696877182679 5.781580209732056 57
1696877182801 5.882959365844727 58
1696877182922 5.98587441444397 59
1696877183044 6.0906593799591064 60
1696877183163 6.193217515945435 61
1696877183282 6.295959234237671 62
1696877183400 6.398211240768433 63
1696877183522 6.50068736076355 64
1696877183647 6.604422330856323 65
1696877183778 6.706796407699585 66
1696877183897 6.807994365692139 67
1696877184017 6.909998416900635 68
1696877184140 7.015019416809082 69
1696877184261 7.1201794147491455 70
1696877184379 7.220878601074219 71
1696877184500 7.32572865486145 72
1696877184618 7.427665710449219 73
1696877184735 7.528106689453125 74
1696877184856 7.628453731536865 75
1696877184978 7.733568906784058 76
1696877185100 7.83838152885437 77
1696877185219 7.940510272979736 78
1696877185341 8.045620441436768 79
1696877185461 8.149861335754395 80
1696877185581 8.251959323883057 81
1696877185702 8.35484004020691 82
1696877185823 8.456629991531372 83
1696877185943 8.559967994689941 84
1696877186065 8.662163019180298 85
1696877186183 8.763698101043701 86
1696877186302 8.86572003364563 87
1696877186421 8.96738600730896 88
1696877186546 9.071690797805786 89
1696877186668 9.176350831985474 90
1696877186787 9.278428077697754 91
1696877186907 9.379842042922974 92
1696877187031 9.48499608039856 93
1696877187151 9.58691120147705 94
1696877187269 9.687390327453613 95
1696877187387 9.788042306900024 96
1696877187510 9.890913963317871 97
1696877187632 9.996022939682007 98
1696877187751 10.097100973129272 99
1696877187874 10.202215909957886 100
