1696877175987 0.00023412704467773438 1
1696877176117 0.1057591438293457 2
1696877176235 0.10124802589416504 3
1696877176353 0.10110902786254883 4
1696877176470 0.10429716110229492 5
1696877176586 0.10300397872924805 6
1696877176706 0.10179901123046875 7
1696877176824 0.10381007194519043 8
1696877176945 0.10397696495056152 9
1696877177062 0.10022711753845215 10
1696877177187 0.10511589050292969 11
1696877177305 0.10176992416381836 12
1696877177424 0.10021686553955078 13
1696877177542 0.10358977317810059 14
1696877177659 0.10101509094238281 15
1696877177779 0.10412216186523438 16
1696877177896 0.10314536094665527 17
1696877178015 0.1045839786529541 18
1696877178133 0.10400271415710449 19
1696877178252 0.10379600524902344 20
1696877178370 0.10470104217529297 21
1696877178489 0.10290098190307617 22
1696877178606 0.10077500343322754 23
1696877178730 0.10151195526123047 24
1696877178847 0.10277175903320312 25
1696877178965 0.1035921573638916 26
1696877179086 0.10510897636413574 27
1696877179206 0.10255813598632812 28
1696877179324 0.10238194465637207 29
1696877179446 0.10419082641601562 30
1696877179568 0.10255599021911621 31
1696877179688 0.10431599617004395 32
1696877179810 0.1043388843536377 33
1696877179930 0.10518980026245117 34
1696877180048 0.10350394248962402 35
1696877180166 0.10133218765258789 36
1696877180286 0.1008901596069336 37
1696877180403 0.10163402557373047 38
1696877180521 0.10083174705505371 39
1696877180642 0.10450911521911621 40
1696877180762 0.10510492324829102 41
1696877180881 0.10379171371459961 42
1696877181001 0.10511994361877441 43
1696877181117 0.10184693336486816 44
1696877181236 0.10358810424804688 45
1696877181356 0.10504984855651855 46
1696877181473 0.10144686698913574 47
1696877181597 0.10514616966247559 48
1696877181720 0.1051180362701416 49
1696877181840 0.10511207580566406 50
1696877181958 0.10295701026916504 51
1696877182077 0.10365486145019531 52
1696877182195 0.1036069393157959 53
1696877182315 0.10153985023498535 54
1696877182435 0.10497522354125977 55
1696877182556 0.10197091102600098 56
1696877182678 0.1051337718963623 57
1696877182800 0.1013791561126709 58
1696877182921 0.10291504859924316 59
1696877183043 0.10478496551513672 60
1696877183163 0.10255813598632812 61
1696877183282 0.10274171829223633 62
1696877183400 0.10225200653076172 63
1696877183521 0.10247611999511719 64
1696877183646 0.10373497009277344 65
1696877183777 0.10237407684326172 66
1696877183896 0.10119795799255371 67
1696877184016 0.1020040512084961 68
1696877184139 0.10502099990844727 69
1696877184260 0.10515999794006348 70
1696877184378 0.10069918632507324 71
1696877184499 0.10485005378723145 72
1696877184618 0.10193705558776855 73
1696877184735 0.10044097900390625 74
1696877184855 0.10034704208374023 75
1696877184977 0.10511517524719238 76
1696877185099 0.1048126220703125 77
1696877185218 0.10212874412536621 78
1696877185340 0.10511016845703125 79
1696877185461 0.10424089431762695 80
1696877185580 0.10209798812866211 81
1696877185701 0.10288071632385254 82
1696877185822 0.10178995132446289 83
1696877185943 0.10333800315856934 84
1696877186064 0.10219502449035645 85
1696877186183 0.10153508186340332 86
1696877186302 0.10202193260192871 87
1696877186421 0.10166597366333008 88
1696877186546 0.10430479049682617 89
1696877186667 0.1046600341796875 90
1696877186786 0.10207724571228027 91
1696877186907 0.10141396522521973 92
1696877187030 0.10515403747558594 93
1696877187151 0.10191512107849121 94
1696877187269 0.1004791259765625 95
1696877187386 0.10065197944641113 96
1696877187509 0.10287165641784668 97
1696877187632 0.10510897636413574 98
1696877187750 0.10107803344726562 99
1696877187873 0.10511493682861328 100
