1696877175986 1.0 1
1696877176116 2.0 2
1696877176235 3.0 3
1696877176352 4.0 4
1696877176469 5.0 5
1696877176585 6.0 6
1696877176705 7.0 7
1696877176824 8.0 8
1696877176945 9.0 9
1696877177061 10.0 10
1696877177187 11.0 11
1696877177304 12.0 12
1696877177423 13.0 13
1696877177542 14.0 14
1696877177658 15.0 15
1696877177778 16.0 16
1696877177895 17.0 17
1696877178014 18.0 18
1696877178133 19.0 19
1696877178251 20.0 20
1696877178369 21.0 21
1696877178488 22.0 22
1696877178605 23.0 23
1696877178729 24.0 24
1696877178846 25.0 25
1696877178964 26.0 26
1696877179085 27.0 27
1696877179205 28.0 28
1696877179324 29.0 29
1696877179445 30.0 30
1696877179567 31.0 31
1696877179687 32.0 32
1696877179809 33.0 33
1696877179929 34.0 34
1696877180047 35.0 35
1696877180166 36.0 36
1696877180285 37.0 37
1696877180403 38.0 38
1696877180521 39.0 39
1696877180641 40.0 40
1696877180762 41.0 41
1696877180880 42.0 42
1696877181000 43.0 43
1696877181117 44.0 44
1696877181235 45.0 45
1696877181355 46.0 46
1696877181473 47.0 47
1696877181597 48.0 48
1696877181719 49.0 49
1696877181839 50.0 50
1696877181957 51.0 51
1696877182076 52.0 52
1696877182195 53.0 53
1696877182314 54.0 54
1696877182435 55.0 55
1696877182556 56.0 56
1696877182678 57.0 57
1696877182800 58.0 58
1696877182920 59.0 59
1696877183042 60.0 60
1696877183162 61.0 61
1696877183281 62.0 62
1696877183399 63.0 63
1696877183520 64.0 64
1696877183645 65.0 65
1696877183776 66.0 66
1696877183895 67.0 67
1696877184016 68.0 68
1696877184139 69.0 69
1696877184260 70.0 70
1696877184377 71.0 71
1696877184499 72.0 72
1696877184617 73.0 73
1696877184734 74.0 74
1696877184854 75.0 75
1696877184977 76.0 76
1696877185099 77.0 77
1696877185217 78.0 78
1696877185339 79.0 79
1696877185460 80.0 80
1696877185580 81.0 81
1696877185700 82.0 82
1696877185821 83.0 83
1696877185942 84.0 84
1696877186064 85.0 85
1696877186182 86.0 86
1696877186301 87.0 87
1696877186420 88.0 88
1696877186545 89.0 89
1696877186667 90.0 90
1696877186786 91.0 91
1696877186906 92.0 92
1696877187029 93.0 93
1696877187150 94.0 94
1696877187268 95.0 95
1696877187386 96.0 96
1696877187509 97.0 97
1696877187631 98.0 98
1696877187750 99.0 99
1696877187872 100.0 100
