1696877176025 86.0 1
1696877176194 86.0 2
1696877176310 86.0 3
1696877176430 86.0 4
1696877176549 86.0 5
1696877176669 86.0 6
1696877176787 86.0 7
1696877176907 86.0 8
1696877177024 86.0 9
1696877177149 86.0 10
1696877177265 86.0 11
1696877177384 86.0 12
1696877177501 86.0 13
1696877177619 86.0 14
1696877177739 86.0 15
1696877177858 86.0 16
1696877177978 86.0 17
1696877178096 86.0 18
1696877178215 86.0 19
1696877178331 86.0 20
1696877178452 86.0 21
1696877178569 86.0 22
1696877178689 86.0 23
1696877178808 86.0 24
1696877178927 86.0 25
1696877179047 86.0 26
1696877179168 86.0 27
1696877179285 86.0 28
1696877179406 86.0 29
1696877179528 86.0 30
1696877179647 86.0 31
1696877179768 86.0 32
1696877179885 86.0 33
1696877180005 86.0 34
1696877180121 86.0 35
1696877180238 86.0 36
1696877180358 86.0 37
1696877180475 86.0 38
1696877180595 86.0 39
1696877180713 86.0 40
1696877180832 86.0 41
1696877180952 86.0 42
1696877181073 86.0 43
1696877181195 86.0 44
1696877181312 86.0 45
1696877181433 86.0 46
1696877181555 86.0 47
1696877181677 86.0 48
1696877181794 86.0 49
1696877181916 86.0 50
1696877182032 86.0 51
1696877182154 86.0 52
1696877182272 86.0 53
1696877182391 86.0 54
1696877182514 86.0 55
1696877182636 86.0 56
1696877182753 86.0 57
1696877182875 86.0 58
1696877182993 86.0 59
1696877183113 86.0 60
1696877183235 86.0 61
1696877183354 86.0 62
1696877183472 86.0 63
1696877183593 86.0 64
1696877183712 86.0 65
1696877183831 86.0 66
1696877183950 86.0 67
1696877184071 86.0 68
1696877184193 86.0 69
1696877184312 86.0 70
1696877184430 86.0 71
1696877184551 86.0 72
1696877184672 86.0 73
1696877184794 86.0 74
1696877184917 86.0 75
1696877185034 86.0 76
1696877185156 86.0 77
1696877185278 86.0 78
1696877185395 86.0 79
1696877185513 86.0 80
1696877185636 86.0 81
1696877185758 86.0 82
1696877185879 86.0 83
1696877186001 86.0 84
1696877186123 86.0 85
1696877186241 86.0 86
1696877186362 86.0 87
1696877186482 86.0 88
1696877186602 86.0 89
1696877186723 86.0 90
1696877186847 86.0 91
1696877186967 86.0 92
1696877187086 86.0 93
1696877187203 86.0 94
1696877187324 86.0 95
1696877187445 86.0 96
1696877187565 86.0 97
1696877187684 86.0 98
1696877187803 86.0 99
1696877187925 86.0 100
