1696877176026 100.0 1
1696877176195 100.0 2
1696877176312 100.0 3
1696877176431 100.0 4
1696877176550 100.0 5
1696877176670 100.0 6
1696877176788 100.0 7
1696877176908 100.0 8
1696877177024 100.0 9
1696877177150 100.0 10
1696877177266 100.0 11
1696877177385 100.0 12
1696877177501 100.0 13
1696877177620 100.0 14
1696877177740 100.0 15
1696877177858 100.0 16
1696877177978 100.0 17
1696877178097 100.0 18
1696877178215 100.0 19
1696877178332 100.0 20
1696877178452 100.0 21
1696877178569 100.0 22
1696877178690 100.0 23
1696877178809 100.0 24
1696877178927 100.0 25
1696877179048 100.0 26
1696877179168 100.0 27
1696877179286 100.0 28
1696877179407 100.0 29
1696877179528 100.0 30
1696877179648 100.0 31
1696877179769 100.0 32
1696877179886 100.0 33
1696877180005 100.0 34
1696877180122 100.0 35
1696877180238 100.0 36
1696877180358 100.0 37
1696877180475 100.0 38
1696877180596 100.0 39
1696877180713 100.0 40
1696877180833 100.0 41
1696877180953 100.0 42
1696877181074 100.0 43
1696877181196 100.0 44
1696877181313 100.0 45
1696877181434 100.0 46
1696877181556 100.0 47
1696877181678 100.0 48
1696877181795 100.0 49
1696877181916 100.0 50
1696877182033 100.0 51
1696877182155 100.0 52
1696877182273 100.0 53
1696877182392 100.0 54
1696877182514 100.0 55
1696877182636 100.0 56
1696877182754 100.0 57
1696877182876 100.0 58
1696877182994 100.0 59
1696877183113 100.0 60
1696877183235 100.0 61
1696877183355 100.0 62
1696877183473 100.0 63
1696877183594 100.0 64
1696877183713 100.0 65
1696877183832 100.0 66
1696877183950 100.0 67
1696877184072 100.0 68
1696877184194 100.0 69
1696877184313 100.0 70
1696877184430 100.0 71
1696877184552 100.0 72
1696877184673 100.0 73
1696877184795 100.0 74
1696877184917 100.0 75
1696877185035 100.0 76
1696877185156 100.0 77
1696877185278 100.0 78
1696877185396 100.0 79
1696877185514 100.0 80
1696877185637 100.0 81
1696877185759 100.0 82
1696877185880 100.0 83
1696877186002 100.0 84
1696877186123 100.0 85
1696877186242 100.0 86
1696877186362 100.0 87
1696877186483 100.0 88
1696877186602 100.0 89
1696877186724 100.0 90
1696877186847 100.0 91
1696877186968 100.0 92
1696877187086 100.0 93
1696877187204 100.0 94
1696877187324 100.0 95
1696877187445 100.0 96
1696877187566 100.0 97
1696877187684 100.0 98
1696877187804 100.0 99
1696877187925 100.0 100
