1696877176024 89.0 1
1696877176194 89.0 2
1696877176310 89.0 3
1696877176429 89.0 4
1696877176549 89.0 5
1696877176668 89.0 6
1696877176787 89.0 7
1696877176907 89.0 8
1696877177023 89.0 9
1696877177148 89.0 10
1696877177265 89.0 11
1696877177383 89.0 12
1696877177500 89.0 13
1696877177619 89.0 14
1696877177738 89.0 15
1696877177857 89.0 16
1696877177977 89.0 17
1696877178096 89.0 18
1696877178214 89.0 19
1696877178331 89.0 20
1696877178451 89.0 21
1696877178568 89.0 22
1696877178689 89.0 23
1696877178807 89.0 24
1696877178926 89.0 25
1696877179047 89.0 26
1696877179167 89.0 27
1696877179284 89.0 28
1696877179406 89.0 29
1696877179527 89.0 30
1696877179646 89.0 31
1696877179767 89.0 32
1696877179885 89.0 33
1696877180004 89.0 34
1696877180121 89.0 35
1696877180237 89.0 36
1696877180357 89.0 37
1696877180474 89.0 38
1696877180595 89.0 39
1696877180712 89.0 40
1696877180832 89.0 41
1696877180951 89.0 42
1696877181072 89.0 43
1696877181194 89.0 44
1696877181311 89.0 45
1696877181432 89.0 46
1696877181555 89.0 47
1696877181676 89.0 48
1696877181794 89.0 49
1696877181915 89.0 50
1696877182031 89.0 51
1696877182153 89.0 52
1696877182271 89.0 53
1696877182391 89.0 54
1696877182513 89.0 55
1696877182635 89.0 56
1696877182753 89.0 57
1696877182874 89.0 58
1696877182992 89.0 59
1696877183112 89.0 60
1696877183234 89.0 61
1696877183353 89.0 62
1696877183471 89.0 63
1696877183593 89.0 64
1696877183712 89.0 65
1696877183830 89.0 66
1696877183949 89.0 67
1696877184071 89.0 68
1696877184193 89.0 69
1696877184311 89.0 70
1696877184429 89.0 71
1696877184550 89.0 72
1696877184672 89.0 73
1696877184794 89.0 74
1696877184916 89.0 75
1696877185034 89.0 76
1696877185155 89.0 77
1696877185277 89.0 78
1696877185394 89.0 79
1696877185512 89.0 80
1696877185635 89.0 81
1696877185758 89.0 82
1696877185878 89.0 83
1696877186000 89.0 84
1696877186122 89.0 85
1696877186241 89.0 86
1696877186361 89.0 87
1696877186482 89.0 88
1696877186601 89.0 89
1696877186723 89.0 90
1696877186846 89.0 91
1696877186967 89.0 92
1696877187085 89.0 93
1696877187203 89.0 94
1696877187323 89.0 95
1696877187444 89.0 96
1696877187564 89.0 97
1696877187683 89.0 98
1696877187803 89.0 99
1696877187924 89.0 100
