1696877175913 0.0 1
1696877176085 0.0 2
1696877176203 0.0 3
1696877176319 0.0 4
1696877176438 0.0 5
1696877176557 0.0 6
1696877176677 0.0 7
1696877176796 0.0 8
1696877176916 0.0 9
1696877177032 0.0 10
1696877177158 0.0 11
1696877177277 0.0 12
1696877177395 0.0 13
1696877177512 0.0 14
1696877177630 0.0 15
1696877177748 0.0 16
1696877177866 0.0 17
1696877177986 0.0 18
1696877178105 0.0 19
1696877178223 0.0 20
1696877178340 0.0 21
1696877178460 0.0 22
1696877178578 0.0 23
1696877178699 0.0 24
1696877178817 0.0 25
1696877178936 0.0 26
1696877179056 0.0 27
1696877179177 0.0 28
1696877179294 0.0 29
1696877179416 0.0 30
1696877179537 0.0 31
1696877179657 0.0 32
1696877179778 0.0 33
1696877179898 0.0 34
1696877180017 0.0 35
1696877180133 0.0 36
1696877180252 0.0 37
1696877180367 0.0 38
1696877180485 0.0 39
1696877180605 0.0 40
1696877180724 0.0 41
1696877180842 0.0 42
1696877180962 0.0 43
1696877181083 0.0 44
1696877181205 0.0 45
1696877181324 0.0 46
1696877181443 0.0 47
1696877181565 0.0 48
1696877181687 0.0 49
1696877181808 0.0 50
1696877181926 0.0 51
1696877182044 0.0 52
1696877182164 0.0 53
1696877182282 0.0 54
1696877182402 0.0 55
1696877182524 0.0 56
1696877182646 0.0 57
1696877182767 0.0 58
1696877182886 0.0 59
1696877183004 0.0 60
1696877183123 0.0 61
1696877183246 0.0 62
1696877183366 0.0 63
1696877183485 0.0 64
1696877183606 0.0 65
1696877183726 0.0 66
1696877183849 0.0 67
1696877183972 0.0 68
1696877184094 0.0 69
1696877184212 0.0 70
1696877184329 0.0 71
1696877184447 0.0 72
1696877184566 0.0 73
1696877184685 0.0 74
1696877184820 0.0 75
1696877184939 0.0 76
1696877185060 0.0 77
1696877185182 0.0 78
1696877185300 0.0 79
1696877185419 0.0 80
1696877185538 0.0 81
1696877185656 0.0 82
1696877185778 0.0 83
1696877185899 0.0 84
1696877186020 0.0 85
1696877186140 0.0 86
1696877186259 0.0 87
1696877186381 0.0 88
1696877186501 0.0 89
1696877186621 0.0 90
1696877186738 0.0 91
1696877186859 0.0 92
1696877186981 0.0 93
1696877187099 0.0 94
1696877187217 0.0 95
1696877187337 0.0 96
1696877187457 0.0 97
1696877187577 0.0 98
1696877187698 0.0 99
1696877187821 0.0 100
