1696877175910 0.0 1
1696877176082 1.0 2
1696877176200 2.0 3
1696877176317 3.0 4
1696877176436 4.0 5
1696877176555 5.0 6
1696877176675 6.0 7
1696877176794 7.0 8
1696877176914 8.0 9
1696877177030 9.0 10
1696877177156 10.0 11
1696877177275 11.0 12
1696877177393 12.0 13
1696877177510 13.0 14
1696877177628 14.0 15
1696877177746 15.0 16
1696877177864 16.0 17
1696877177984 17.0 18
1696877178103 18.0 19
1696877178221 19.0 20
1696877178338 20.0 21
1696877178458 21.0 22
1696877178576 22.0 23
1696877178696 23.0 24
1696877178815 24.0 25
1696877178934 25.0 26
1696877179054 26.0 27
1696877179175 27.0 28
1696877179292 28.0 29
1696877179414 29.0 30
1696877179535 30.0 31
1696877179655 31.0 32
1696877179775 32.0 33
1696877179896 33.0 34
1696877180015 34.0 35
1696877180131 35.0 36
1696877180250 36.0 37
1696877180365 37.0 38
1696877180482 38.0 39
1696877180603 39.0 40
1696877180722 40.0 41
1696877180840 41.0 42
1696877180960 42.0 43
1696877181081 43.0 44
1696877181203 44.0 45
1696877181322 45.0 46
1696877181441 46.0 47
1696877181563 47.0 48
1696877181685 48.0 49
1696877181806 49.0 50
1696877181924 50.0 51
1696877182042 51.0 52
1696877182162 52.0 53
1696877182280 53.0 54
1696877182400 54.0 55
1696877182522 55.0 56
1696877182644 56.0 57
1696877182765 57.0 58
1696877182884 58.0 59
1696877183002 59.0 60
1696877183121 60.0 61
1696877183244 61.0 62
1696877183364 62.0 63
1696877183483 63.0 64
1696877183603 64.0 65
1696877183723 65.0 66
1696877183846 66.0 67
1696877183969 67.0 68
1696877184092 68.0 69
1696877184210 69.0 70
1696877184327 70.0 71
1696877184445 71.0 72
1696877184564 72.0 73
1696877184683 73.0 74
1696877184818 74.0 75
1696877184937 75.0 76
1696877185058 76.0 77
1696877185180 77.0 78
1696877185298 78.0 79
1696877185417 79.0 80
1696877185536 80.0 81
1696877185654 81.0 82
1696877185776 82.0 83
1696877185897 83.0 84
1696877186018 84.0 85
1696877186138 85.0 86
1696877186257 86.0 87
1696877186379 87.0 88
1696877186499 88.0 89
1696877186618 89.0 90
1696877186736 90.0 91
1696877186857 91.0 92
1696877186979 92.0 93
1696877187097 93.0 94
1696877187215 94.0 95
1696877187335 95.0 96
1696877187455 96.0 97
1696877187575 97.0 98
1696877187696 98.0 99
1696877187819 99.0 100
