1696877175918 1.0 1
1696877176090 2.0 2
1696877176207 3.0 3
1696877176323 4.0 4
1696877176442 5.0 5
1696877176561 6.0 6
1696877176681 7.0 7
1696877176800 8.0 8
1696877176920 9.0 9
1696877177036 10.0 10
1696877177163 11.0 11
1696877177281 12.0 12
1696877177399 13.0 13
1696877177516 14.0 14
1696877177634 15.0 15
1696877177752 16.0 16
1696877177870 17.0 17
1696877177990 18.0 18
1696877178109 19.0 19
1696877178227 20.0 20
1696877178344 21.0 21
1696877178464 22.0 22
1696877178582 23.0 23
1696877178703 24.0 24
1696877178821 25.0 25
1696877178940 26.0 26
1696877179060 27.0 27
1696877179181 28.0 28
1696877179298 29.0 29
1696877179420 30.0 30
1696877179541 31.0 31
1696877179661 32.0 32
1696877179782 33.0 33
1696877179902 34.0 34
1696877180021 35.0 35
1696877180138 36.0 36
1696877180256 37.0 37
1696877180371 38.0 38
1696877180488 39.0 39
1696877180609 40.0 40
1696877180728 41.0 41
1696877180846 42.0 42
1696877180966 43.0 43
1696877181088 44.0 44
1696877181209 45.0 45
1696877181328 46.0 46
1696877181447 47.0 47
1696877181569 48.0 48
1696877181691 49.0 49
1696877181812 50.0 50
1696877181930 51.0 51
1696877182047 52.0 52
1696877182168 53.0 53
1696877182286 54.0 54
1696877182406 55.0 55
1696877182528 56.0 56
1696877182650 57.0 57
1696877182771 58.0 58
1696877182890 59.0 59
1696877183008 60.0 60
1696877183127 61.0 61
1696877183250 62.0 62
1696877183370 63.0 63
1696877183489 64.0 64
1696877183611 65.0 65
1696877183730 66.0 66
1696877183854 67.0 67
1696877183976 68.0 68
1696877184098 69.0 69
1696877184216 70.0 70
1696877184333 71.0 71
1696877184452 72.0 72
1696877184570 73.0 73
1696877184689 74.0 74
1696877184824 75.0 75
1696877184943 76.0 76
1696877185064 77.0 77
1696877185187 78.0 78
1696877185304 79.0 79
1696877185423 80.0 80
1696877185542 81.0 81
1696877185661 82.0 82
1696877185782 83.0 83
1696877185903 84.0 84
1696877186024 85.0 85
1696877186144 86.0 86
1696877186262 87.0 87
1696877186385 88.0 88
1696877186505 89.0 89
1696877186625 90.0 90
1696877186742 91.0 91
1696877186863 92.0 92
1696877186985 93.0 93
1696877187102 94.0 94
1696877187221 95.0 95
1696877187341 96.0 96
1696877187460 97.0 97
1696877187581 98.0 98
1696877187703 99.0 99
1696877187825 100.0 100
