1696877175911 10.7 1
1696877176083 2.2625 2
1696877176201 1.547457627118644 3
1696877176318 1.2813953488372092 4
1696877176437 1.1424778761061947 5
1696877176556 1.0571428571428572 6
1696877176676 0.9994011976047905 7
1696877176794 0.9577319587628867 8
1696877176915 0.9262443438914028 9
1696877177031 0.9016129032258066 10
1696877177157 0.8818181818181818 11
1696877177276 0.8655629139072849 12
1696877177394 0.8519756838905775 13
1696877177511 0.8404494382022473 14
1696877177629 0.8305483028720627 15
1696877177747 0.8219512195121952 16
1696877177865 0.8144164759725401 17
1696877177985 0.8077586206896552 18
1696877178104 0.8018329938900204 19
1696877178222 0.7965250965250966 20
1696877178339 0.7917431192660551 21
1696877178459 0.7874125874125875 22
1696877178576 0.7834724540901503 23
1696877178697 0.7798722044728436 24
1696877178816 0.7765696784073508 25
1696877178935 0.7735294117647059 26
1696877179055 0.7707213578500708 27
1696877179176 0.7681198910081745 28
1696877179293 0.7657030223390277 29
1696877179415 0.7634517766497463 30
1696877179536 0.7613496932515338 31
1696877179655 0.7593824228028504 32
1696877179776 0.7575373993095512 33
1696877179897 0.7558035714285715 34
1696877180016 0.7541711809317444 35
1696877180132 0.7526315789473685 36
1696877180251 0.7511770726714433 37
1696877180366 0.749800796812749 38
1696877180483 0.7484966052376334 39
1696877180604 0.7472589792060492 40
1696877180722 0.7460829493087558 41
1696877180841 0.7449640287769785 42
1696877180960 0.7438981562774364 43
1696877181082 0.7428816466552316 44
1696877181204 0.7419111483654652 45
1696877181323 0.7409836065573772 46
1696877181442 0.7400962309542903 47
1696877181564 0.7392464678178965 48
1696877181686 0.7384319754035358 49
1696877181807 0.7376506024096386 50
1696877181925 0.7369003690036902 51
1696877182042 0.736179450072359 52
1696877182163 0.7354861603974451 53
1696877182281 0.7348189415041784 54
1696877182401 0.7341763499658237 55
1696877182523 0.7335570469798658 56
1696877182645 0.73295978905735 57
1696877182766 0.7323834196891192 58
1696877182885 0.7318268618714195 59
1696877183002 0.7312891113892366 60
1696877183122 0.7307692307692308 61
1696877183245 0.7302663438256659 62
1696877183365 0.729779630732579 63
1696877183484 0.7293083235638922 64
1696877183604 0.7288517022504328 65
1696877183724 0.728409090909091 66
1696877183847 0.7279798545047567 67
1696877183970 0.7275633958103639 68
1696877184093 0.7271591526344379 69
1696877184211 0.7267665952890793 70
1696877184328 0.7263852242744064 71
1696877184446 0.7260145681581687 72
1696877184565 0.725654181631606 73
1696877184684 0.7253036437246965 74
1696877184818 0.7249625561657514 75
1696877184938 0.7246305418719212 76
1696877185058 0.7243072435585806 77
1696877185181 0.7239923224568139 78
1696877185299 0.7236854571293226 79
1696877185418 0.7233863423760525 80
1696877185536 0.7230946882217091 81
1696877185655 0.7228102189781023 82
1696877185777 0.7225326723749438 83
1696877185897 0.7222617987533393 84
1696877186019 0.7219973603167621 85
1696877186138 0.7217391304347827 86
1696877186257 0.7214868929952729 87
1696877186379 0.7212404418011895 88
1696877186499 0.7209995800083999 89
1696877186619 0.720764119601329 90
1696877186737 0.7205338809034908 91
1696877186858 0.7203086921202275 92
1696877186979 0.7200883889112094 93
1696877187097 0.7198728139904611 94
1696877187216 0.7196618167518679 95
1696877187336 0.719455252918288 96
1696877187455 0.719252984212553 97
1696877187576 0.7190548780487805 98
1696877187697 0.7188608072425501 99
1696877187820 0.718670649738611 100
