1696877175916 90597.0 1
1696877176088 90597.0 2
1696877176206 90597.0 3
1696877176322 90597.0 4
1696877176441 90597.0 5
1696877176560 90597.0 6
1696877176680 90597.0 7
1696877176798 90597.0 8
1696877176919 90597.0 9
1696877177035 90597.0 10
1696877177161 90597.0 11
1696877177280 90597.0 12
1696877177398 90597.0 13
1696877177515 90597.0 14
1696877177633 90597.0 15
1696877177751 90597.0 16
1696877177869 90597.0 17
1696877177989 90597.0 18
1696877178108 90597.0 19
1696877178226 90597.0 20
1696877178343 90597.0 21
1696877178463 90597.0 22
1696877178580 90597.0 23
1696877178702 90597.0 24
1696877178819 90597.0 25
1696877178939 90597.0 26
1696877179059 90597.0 27
1696877179180 90597.0 28
1696877179297 90597.0 29
1696877179419 90597.0 30
1696877179540 90597.0 31
1696877179659 90597.0 32
1696877179780 90597.0 33
1696877179901 90597.0 34
1696877180020 90597.0 35
1696877180136 90597.0 36
1696877180255 90597.0 37
1696877180370 90597.0 38
1696877180487 90597.0 39
1696877180608 90597.0 40
1696877180727 90597.0 41
1696877180845 90597.0 42
1696877180964 90597.0 43
1696877181086 90597.0 44
1696877181208 90597.0 45
1696877181327 90597.0 46
1696877181446 90597.0 47
1696877181568 90597.0 48
1696877181690 90597.0 49
1696877181811 90597.0 50
1696877181929 90597.0 51
1696877182046 90597.0 52
1696877182167 90597.0 53
1696877182285 90597.0 54
1696877182405 90597.0 55
1696877182527 90597.0 56
1696877182649 90597.0 57
1696877182770 90597.0 58
1696877182889 90597.0 59
1696877183006 90597.0 60
1696877183126 90597.0 61
1696877183249 90597.0 62
1696877183369 90597.0 63
1696877183488 90597.0 64
1696877183609 90597.0 65
1696877183729 90597.0 66
1696877183852 90597.0 67
1696877183975 90597.0 68
1696877184097 90597.0 69
1696877184215 90597.0 70
1696877184332 90597.0 71
1696877184451 90597.0 72
1696877184568 90597.0 73
1696877184688 90597.0 74
1696877184822 90597.0 75
1696877184941 90597.0 76
1696877185063 90597.0 77
1696877185185 90597.0 78
1696877185303 90597.0 79
1696877185422 90597.0 80
1696877185540 90597.0 81
1696877185659 90597.0 82
1696877185781 90597.0 83
1696877185901 90597.0 84
1696877186023 90597.0 85
1696877186143 90597.0 86
1696877186261 90597.0 87
1696877186383 90597.0 88
1696877186503 90597.0 89
1696877186623 90597.0 90
1696877186741 90597.0 91
1696877186862 90597.0 92
1696877186983 90597.0 93
1696877187101 90597.0 94
1696877187220 90597.0 95
1696877187340 90597.0 96
1696877187459 90597.0 97
1696877187580 90597.0 98
1696877187701 90597.0 99
1696877187824 90597.0 100
