1696877175916 0.00015282630920410156 1
1696877176087 0.10213947296142578 2
1696877176205 0.20389056205749512 3
1696877176321 0.3059964179992676 4
1696877176440 0.4109070301055908 5
1696877176559 0.513700008392334 6
1696877176679 0.6174807548522949 7
1696877176798 0.7216596603393555 8
1696877176918 0.8268325328826904 9
1696877177034 0.9287984371185303 10
1696877177160 1.0290744304656982 11
1696877177279 1.1330864429473877 12
1696877177397 1.2381985187530518 13
1696877177514 1.3414247035980225 14
1696877177632 1.445826768875122 15
1696877177750 1.5482587814331055 16
1696877177868 1.6485986709594727 17
1696877177988 1.7535083293914795 18
1696877178107 1.853912115097046 19
1696877178225 1.9581611156463623 20
1696877178342 2.061784029006958 21
1696877178462 2.1667282581329346 22
1696877178580 2.2701263427734375 23
1696877178701 2.370335578918457 24
1696877178819 2.47098445892334 25
1696877178938 2.5736005306243896 26
1696877179058 2.67374849319458 27
1696877179179 2.77885365486145 28
1696877179296 2.8819403648376465 29
1696877179418 2.9852023124694824 30
1696877179539 3.087629556655884 31
1696877179659 3.1922285556793213 32
1696877179780 3.2972843647003174 33
1696877179900 3.4023072719573975 34
1696877180019 3.5068202018737793 35
1696877180136 3.6087262630462646 36
1696877180254 3.7124154567718506 37
1696877180369 3.812711238861084 38
1696877180486 3.914849042892456 39
1696877180607 4.018078804016113 40
1696877180726 4.121450901031494 41
1696877180844 4.222705841064453 42
1696877180964 4.3272857666015625 43
1696877181086 4.431128978729248 44
1696877181207 4.534621953964233 45
1696877181326 4.6385498046875 46
1696877181445 4.742286682128906 47
1696877181567 4.846899747848511 48
1696877181689 4.952006578445435 49
1696877181810 5.057128429412842 50
1696877181928 5.159048557281494 51
1696877182046 5.260964632034302 52
1696877182166 5.365370750427246 53
1696877182284 5.46615195274353 54
1696877182404 5.56673264503479 55
1696877182526 5.669498443603516 56
1696877182648 5.773243427276611 57
1696877182769 5.878166437149048 58
1696877182888 5.980950593948364 59
1696877183006 6.081820487976074 60
1696877183125 6.18506646156311 61
1696877183248 6.289537668228149 62
1696877183368 6.393987655639648 63
1696877183487 6.4965715408325195 64
1696877183609 6.599270582199097 65
1696877183728 6.700259685516357 66
1696877183851 6.80474066734314 67
1696877183974 6.908846616744995 68
1696877184096 7.014007568359375 69
1696877184214 7.115366458892822 70
1696877184331 7.21614146232605 71
1696877184450 7.317033290863037 72
1696877184568 7.418380260467529 73
1696877184687 7.5213892459869385 74
1696877184822 7.624655246734619 75
1696877184941 7.726900339126587 76
1696877185062 7.831387281417847 77
1696877185184 7.936500310897827 78
1696877185302 8.037129163742065 79
1696877185421 8.140140056610107 80
1696877185540 8.241976976394653 81
1696877185659 8.342880964279175 82
1696877185780 8.447482109069824 83
1696877185901 8.551300048828125 84
1696877186022 8.655448198318481 85
1696877186142 8.758033275604248 86
1696877186260 8.859406232833862 87
1696877186383 8.964439153671265 88
1696877186503 9.067288160324097 89
1696877186623 9.169654130935669 90
1696877186740 9.269966125488281 91
1696877186861 9.372159004211426 92
1696877186983 9.476960182189941 93
1696877187101 9.57813835144043 94
1696877187219 9.67979645729065 95
1696877187339 9.782605648040771 96
1696877187459 9.884127855300903 97
1696877187579 9.98484182357788 98
1696877187701 10.08822774887085 99
1696877187823 10.19333291053772 100
