1696877175917 0.00015282630920410156 1
1696877176089 0.10213947296142578 2
1696877176207 0.20389056205749512 3
1696877176323 0.3059964179992676 4
1696877176442 0.4109070301055908 5
1696877176561 0.513700008392334 6
1696877176681 0.6174807548522949 7
1696877176799 0.7216596603393555 8
1696877176920 0.8268325328826904 9
1696877177035 0.9287984371185303 10
1696877177162 1.0290744304656982 11
1696877177280 1.1330864429473877 12
1696877177399 1.2381985187530518 13
1696877177516 1.3414247035980225 14
1696877177634 1.445826768875122 15
1696877177751 1.5482587814331055 16
1696877177869 1.6485986709594727 17
1696877177990 1.7535083293914795 18
1696877178108 1.853912115097046 19
1696877178227 1.9581611156463623 20
1696877178344 2.061784029006958 21
1696877178464 2.1667282581329346 22
1696877178581 2.2701263427734375 23
1696877178703 2.370335578918457 24
1696877178820 2.47098445892334 25
1696877178939 2.5736005306243896 26
1696877179060 2.67374849319458 27
1696877179180 2.77885365486145 28
1696877179298 2.8819403648376465 29
1696877179419 2.9852023124694824 30
1696877179541 3.087629556655884 31
1696877179660 3.1922285556793213 32
1696877179781 3.2972843647003174 33
1696877179901 3.4023072719573975 34
1696877180020 3.5068202018737793 35
1696877180137 3.6087262630462646 36
1696877180256 3.7124154567718506 37
1696877180370 3.812711238861084 38
1696877180488 3.914849042892456 39
1696877180609 4.018078804016113 40
1696877180727 4.121450901031494 41
1696877180845 4.222705841064453 42
1696877180965 4.3272857666015625 43
1696877181087 4.431128978729248 44
1696877181208 4.534621953964233 45
1696877181327 4.6385498046875 46
1696877181446 4.742286682128906 47
1696877181569 4.846899747848511 48
1696877181690 4.952006578445435 49
1696877181811 5.057128429412842 50
1696877181930 5.159048557281494 51
1696877182047 5.260964632034302 52
1696877182167 5.365370750427246 53
1696877182286 5.46615195274353 54
1696877182405 5.56673264503479 55
1696877182528 5.669498443603516 56
1696877182650 5.773243427276611 57
1696877182771 5.878166437149048 58
1696877182890 5.980950593948364 59
1696877183007 6.081820487976074 60
1696877183127 6.18506646156311 61
1696877183249 6.289537668228149 62
1696877183370 6.393987655639648 63
1696877183488 6.4965715408325195 64
1696877183610 6.599270582199097 65
1696877183730 6.700259685516357 66
1696877183853 6.80474066734314 67
1696877183975 6.908846616744995 68
1696877184098 7.014007568359375 69
1696877184216 7.115366458892822 70
1696877184332 7.21614146232605 71
1696877184451 7.317033290863037 72
1696877184569 7.418380260467529 73
1696877184689 7.5213892459869385 74
1696877184823 7.624655246734619 75
1696877184942 7.726900339126587 76
1696877185063 7.831387281417847 77
1696877185186 7.936500310897827 78
1696877185303 8.037129163742065 79
1696877185423 8.140140056610107 80
1696877185541 8.241976976394653 81
1696877185660 8.342880964279175 82
1696877185782 8.447482109069824 83
1696877185902 8.551300048828125 84
1696877186023 8.655448198318481 85
1696877186144 8.758033275604248 86
1696877186262 8.859406232833862 87
1696877186384 8.964439153671265 88
1696877186504 9.067288160324097 89
1696877186624 9.169654130935669 90
1696877186741 9.269966125488281 91
1696877186862 9.372159004211426 92
1696877186984 9.476960182189941 93
1696877187102 9.57813835144043 94
1696877187221 9.67979645729065 95
1696877187340 9.782605648040771 96
1696877187460 9.884127855300903 97
1696877187580 9.98484182357788 98
1696877187702 10.08822774887085 99
1696877187825 10.19333291053772 100
