1696877175912 1696877175.0 1
1696877176084 1696877176.0 2
1696877176202 1696877176.0 3
1696877176318 1696877176.0 4
1696877176438 1696877176.0 5
1696877176557 1696877176.0 6
1696877176677 1696877176.0 7
1696877176795 1696877176.0 8
1696877176915 1696877176.0 9
1696877177031 1696877177.0 10
1696877177158 1696877177.0 11
1696877177276 1696877177.0 12
1696877177395 1696877177.0 13
1696877177512 1696877177.0 14
1696877177630 1696877177.0 15
1696877177747 1696877177.0 16
1696877177865 1696877177.0 17
1696877177986 1696877177.0 18
1696877178104 1696877178.0 19
1696877178223 1696877178.0 20
1696877178340 1696877178.0 21
1696877178460 1696877178.0 22
1696877178577 1696877178.0 23
1696877178698 1696877178.0 24
1696877178816 1696877178.0 25
1696877178935 1696877178.0 26
1696877179056 1696877179.0 27
1696877179176 1696877179.0 28
1696877179294 1696877179.0 29
1696877179415 1696877179.0 30
1696877179536 1696877179.0 31
1696877179656 1696877179.0 32
1696877179777 1696877179.0 33
1696877179897 1696877179.0 34
1696877180016 1696877180.0 35
1696877180133 1696877180.0 36
1696877180252 1696877180.0 37
1696877180367 1696877180.0 38
1696877180484 1696877180.0 39
1696877180605 1696877180.0 40
1696877180723 1696877180.0 41
1696877180841 1696877180.0 42
1696877180961 1696877180.0 43
1696877181083 1696877181.0 44
1696877181204 1696877181.0 45
1696877181323 1696877181.0 46
1696877181442 1696877181.0 47
1696877181565 1696877181.0 48
1696877181687 1696877181.0 49
1696877181807 1696877181.0 50
1696877181925 1696877181.0 51
1696877182043 1696877182.0 52
1696877182164 1696877182.0 53
1696877182282 1696877182.0 54
1696877182401 1696877182.0 55
1696877182524 1696877182.0 56
1696877182646 1696877182.0 57
1696877182766 1696877182.0 58
1696877182886 1696877182.0 59
1696877183003 1696877182.0 60
1696877183123 1696877183.0 61
1696877183245 1696877183.0 62
1696877183366 1696877183.0 63
1696877183484 1696877183.0 64
1696877183605 1696877183.0 65
1696877183725 1696877183.0 66
1696877183848 1696877183.0 67
1696877183971 1696877183.0 68
1696877184094 1696877184.0 69
1696877184212 1696877184.0 70
1696877184329 1696877184.0 71
1696877184446 1696877184.0 72
1696877184565 1696877184.0 73
1696877184684 1696877184.0 74
1696877184819 1696877184.0 75
1696877184938 1696877184.0 76
1696877185059 1696877185.0 77
1696877185182 1696877185.0 78
1696877185299 1696877185.0 79
1696877185419 1696877185.0 80
1696877185537 1696877185.0 81
1696877185655 1696877185.0 82
1696877185778 1696877185.0 83
1696877185898 1696877185.0 84
1696877186019 1696877186.0 85
1696877186139 1696877186.0 86
1696877186258 1696877186.0 87
1696877186380 1696877186.0 88
1696877186500 1696877186.0 89
1696877186620 1696877186.0 90
1696877186738 1696877186.0 91
1696877186858 1696877186.0 92
1696877186980 1696877186.0 93
1696877187098 1696877187.0 94
1696877187217 1696877187.0 95
1696877187337 1696877187.0 96
1696877187456 1696877187.0 97
1696877187577 1696877187.0 98
1696877187698 1696877187.0 99
1696877187821 1696877187.0 100
