1696877175915 0.00015282630920410156 1
1696877176087 0.10198664665222168 2
1696877176204 0.10175108909606934 3
1696877176321 0.10210585594177246 4
1696877176440 0.10491061210632324 5
1696877176559 0.10279297828674316 6
1696877176679 0.10378074645996094 7
1696877176797 0.10417890548706055 8
1696877176917 0.10517287254333496 9
1696877177033 0.10196590423583984 10
1696877177160 0.10027599334716797 11
1696877177278 0.10401201248168945 12
1696877177397 0.10511207580566406 13
1696877177514 0.1032261848449707 14
1696877177632 0.10440206527709961 15
1696877177749 0.1024320125579834 16
1696877177867 0.10033988952636719 17
1696877177988 0.10490965843200684 18
1696877178106 0.1004037857055664 19
1696877178225 0.1042490005493164 20
1696877178342 0.1036229133605957 21
1696877178462 0.10494422912597656 22
1696877178579 0.10339808464050293 23
1696877178701 0.10020923614501953 24
1696877178818 0.10064888000488281 25
1696877178937 0.1026160717010498 26
1696877179058 0.10014796257019043 27
1696877179178 0.10510516166687012 28
1696877179296 0.10308670997619629 29
1696877179417 0.10326194763183594 30
1696877179538 0.10242724418640137 31
1696877179658 0.1045989990234375 32
1696877179779 0.1050558090209961 33
1696877179899 0.10502290725708008 34
1696877180018 0.10451292991638184 35
1696877180135 0.10190606117248535 36
1696877180254 0.10368919372558594 37
1696877180368 0.1002957820892334 38
1696877180486 0.10213780403137207 39
1696877180607 0.10322976112365723 40
1696877180725 0.10337209701538086 41
1696877180843 0.10125494003295898 42
1696877180963 0.10457992553710938 43
1696877181085 0.10384321212768555 44
1696877181206 0.10349297523498535 45
1696877181325 0.1039278507232666 46
1696877181444 0.10373687744140625 47
1696877181567 0.10461306571960449 48
1696877181688 0.10510683059692383 49
1696877181809 0.10512185096740723 50
1696877181927 0.10192012786865234 51
1696877182045 0.10191607475280762 52
1696877182165 0.10440611839294434 53
1696877182284 0.10078120231628418 54
1696877182403 0.10058069229125977 55
1696877182526 0.10276579856872559 56
1696877182648 0.1037449836730957 57
1696877182768 0.10492300987243652 58
1696877182888 0.1027841567993164 59
1696877183005 0.10086989402770996 60
1696877183125 0.10324597358703613 61
1696877183247 0.10447120666503906 62
1696877183368 0.10444998741149902 63
1696877183486 0.1025838851928711 64
1696877183608 0.10269904136657715 65
1696877183727 0.10098910331726074 66
1696877183851 0.10448098182678223 67
1696877183973 0.10410594940185547 68
1696877184096 0.10516095161437988 69
1696877184214 0.10135889053344727 70
1696877184331 0.10077500343322754 71
1696877184449 0.1008918285369873 72
1696877184567 0.10134696960449219 73
1696877184686 0.10300898551940918 74
1696877184821 0.10326600074768066 75
1696877184940 0.10224509239196777 76
1696877185061 0.10448694229125977 77
1696877185184 0.10511302947998047 78
1696877185301 0.10062885284423828 79
1696877185421 0.10301089286804199 80
1696877185539 0.1018369197845459 81
1696877185658 0.10090398788452148 82
1696877185780 0.10460114479064941 83
1696877185900 0.10381793975830078 84
1696877186021 0.10414814949035645 85
1696877186141 0.1025850772857666 86
1696877186260 0.10137295722961426 87
1696877186382 0.10503292083740234 88
1696877186502 0.10284900665283203 89
1696877186622 0.10236597061157227 90
1696877186740 0.1003119945526123 91
1696877186860 0.10219287872314453 92
1696877186982 0.10480117797851562 93
1696877187100 0.10117816925048828 94
1696877187219 0.10165810585021973 95
1696877187338 0.10280919075012207 96
1696877187458 0.10152220726013184 97
1696877187579 0.10071396827697754 98
1696877187700 0.10338592529296875 99
1696877187823 0.10510516166687012 100
