1696877175914 1.0 1
1696877176086 2.0 2
1696877176203 3.0 3
1696877176320 4.0 4
1696877176439 5.0 5
1696877176558 6.0 6
1696877176678 7.0 7
1696877176796 8.0 8
1696877176917 9.0 9
1696877177033 10.0 10
1696877177159 11.0 11
1696877177277 12.0 12
1696877177396 13.0 13
1696877177513 14.0 14
1696877177631 15.0 15
1696877177749 16.0 16
1696877177867 17.0 17
1696877177987 18.0 18
1696877178106 19.0 19
1696877178224 20.0 20
1696877178341 21.0 21
1696877178461 22.0 22
1696877178578 23.0 23
1696877178700 24.0 24
1696877178818 25.0 25
1696877178937 26.0 26
1696877179057 27.0 27
1696877179178 28.0 28
1696877179295 29.0 29
1696877179417 30.0 30
1696877179538 31.0 31
1696877179657 32.0 32
1696877179778 33.0 33
1696877179899 34.0 34
1696877180018 35.0 35
1696877180134 36.0 36
1696877180253 37.0 37
1696877180368 38.0 38
1696877180485 39.0 39
1696877180606 40.0 40
1696877180724 41.0 41
1696877180843 42.0 42
1696877180962 43.0 43
1696877181084 44.0 44
1696877181206 45.0 45
1696877181325 46.0 46
1696877181444 47.0 47
1696877181566 48.0 48
1696877181688 49.0 49
1696877181809 50.0 50
1696877181927 51.0 51
1696877182044 52.0 52
1696877182165 53.0 53
1696877182283 54.0 54
1696877182403 55.0 55
1696877182525 56.0 56
1696877182647 57.0 57
1696877182768 58.0 58
1696877182887 59.0 59
1696877183004 60.0 60
1696877183124 61.0 61
1696877183247 62.0 62
1696877183367 63.0 63
1696877183485 64.0 64
1696877183607 65.0 65
1696877183726 66.0 66
1696877183850 67.0 67
1696877183972 68.0 68
1696877184095 69.0 69
1696877184213 70.0 70
1696877184330 71.0 71
1696877184448 72.0 72
1696877184567 73.0 73
1696877184686 74.0 74
1696877184820 75.0 75
1696877184939 76.0 76
1696877185060 77.0 77
1696877185183 78.0 78
1696877185300 79.0 79
1696877185420 80.0 80
1696877185538 81.0 81
1696877185657 82.0 82
1696877185779 83.0 83
1696877185899 84.0 84
1696877186021 85.0 85
1696877186141 86.0 86
1696877186259 87.0 87
1696877186382 88.0 88
1696877186501 89.0 89
1696877186621 90.0 90
1696877186739 91.0 91
1696877186860 92.0 92
1696877186981 93.0 93
1696877187099 94.0 94
1696877187218 95.0 95
1696877187338 96.0 96
1696877187457 97.0 97
1696877187578 98.0 98
1696877187699 99.0 99
1696877187822 100.0 100
