1696877175920 7.0 1
1696877176092 7.0 2
1696877176208 7.0 3
1696877176325 7.0 4
1696877176444 7.0 5
1696877176563 7.0 6
1696877176683 7.0 7
1696877176801 7.0 8
1696877176922 7.0 9
1696877177037 7.0 10
1696877177164 7.0 11
1696877177282 7.0 12
1696877177401 7.0 13
1696877177518 7.0 14
1696877177636 7.0 15
1696877177753 7.0 16
1696877177871 7.0 17
1696877177992 7.0 18
1696877178110 7.0 19
1696877178229 7.0 20
1696877178346 7.0 21
1696877178466 7.0 22
1696877178583 7.0 23
1696877178705 7.0 24
1696877178822 7.0 25
1696877178941 7.0 26
1696877179062 7.0 27
1696877179182 7.0 28
1696877179300 7.0 29
1696877179421 7.0 30
1696877179543 7.0 31
1696877179662 7.0 32
1696877179784 7.0 33
1696877179903 7.0 34
1696877180022 7.0 35
1696877180139 7.0 36
1696877180258 7.0 37
1696877180372 7.0 38
1696877180490 7.0 39
1696877180611 7.0 40
1696877180729 7.0 41
1696877180847 7.0 42
1696877180967 7.0 43
1696877181089 7.0 44
1696877181210 7.0 45
1696877181329 7.0 46
1696877181448 7.0 47
1696877181571 7.0 48
1696877181693 7.0 49
1696877181814 7.0 50
1696877181932 7.0 51
1696877182049 7.0 52
1696877182169 7.0 53
1696877182287 7.0 54
1696877182407 7.0 55
1696877182530 7.0 56
1696877182652 7.0 57
1696877182773 7.0 58
1696877182891 7.0 59
1696877183009 7.0 60
1696877183129 7.0 61
1696877183251 7.0 62
1696877183372 7.0 63
1696877183490 7.0 64
1696877183613 7.0 65
1696877183732 7.0 66
1696877183856 7.0 67
1696877183978 7.0 68
1696877184100 7.0 69
1696877184218 7.0 70
1696877184334 7.0 71
1696877184453 7.0 72
1696877184571 7.0 73
1696877184691 7.0 74
1696877184825 7.0 75
1696877184944 7.0 76
1696877185065 7.0 77
1696877185188 7.0 78
1696877185305 7.0 79
1696877185425 7.0 80
1696877185543 7.0 81
1696877185662 7.0 82
1696877185784 7.0 83
1696877185904 7.0 84
1696877186025 7.0 85
1696877186146 7.0 86
1696877186264 7.0 87
1696877186386 7.0 88
1696877186506 7.0 89
1696877186626 7.0 90
1696877186743 7.0 91
1696877186864 7.0 92
1696877186986 7.0 93
1696877187104 7.0 94
1696877187223 7.0 95
1696877187342 7.0 96
1696877187462 7.0 97
1696877187582 7.0 98
1696877187704 7.0 99
1696877187827 7.0 100
