1696877175921 100.0 1
1696877176092 100.0 2
1696877176209 100.0 3
1696877176325 100.0 4
1696877176444 100.0 5
1696877176563 100.0 6
1696877176683 100.0 7
1696877176801 100.0 8
1696877176922 100.0 9
1696877177038 100.0 10
1696877177165 100.0 11
1696877177283 100.0 12
1696877177401 100.0 13
1696877177518 100.0 14
1696877177636 100.0 15
1696877177754 100.0 16
1696877177872 100.0 17
1696877177992 100.0 18
1696877178111 100.0 19
1696877178229 100.0 20
1696877178346 100.0 21
1696877178466 100.0 22
1696877178584 100.0 23
1696877178705 100.0 24
1696877178823 100.0 25
1696877178942 100.0 26
1696877179062 100.0 27
1696877179183 100.0 28
1696877179300 100.0 29
1696877179422 100.0 30
1696877179543 100.0 31
1696877179663 100.0 32
1696877179784 100.0 33
1696877179904 100.0 34
1696877180023 100.0 35
1696877180140 100.0 36
1696877180258 100.0 37
1696877180373 100.0 38
1696877180490 100.0 39
1696877180611 100.0 40
1696877180730 100.0 41
1696877180848 100.0 42
1696877180968 100.0 43
1696877181090 100.0 44
1696877181211 100.0 45
1696877181330 100.0 46
1696877181449 100.0 47
1696877181571 100.0 48
1696877181694 100.0 49
1696877181814 100.0 50
1696877181932 100.0 51
1696877182050 100.0 52
1696877182170 100.0 53
1696877182288 100.0 54
1696877182408 100.0 55
1696877182530 100.0 56
1696877182652 100.0 57
1696877182773 100.0 58
1696877182892 100.0 59
1696877183010 100.0 60
1696877183129 100.0 61
1696877183252 100.0 62
1696877183372 100.0 63
1696877183491 100.0 64
1696877183614 100.0 65
1696877183733 100.0 66
1696877183856 100.0 67
1696877183978 100.0 68
1696877184100 100.0 69
1696877184218 100.0 70
1696877184335 100.0 71
1696877184454 100.0 72
1696877184572 100.0 73
1696877184691 100.0 74
1696877184826 100.0 75
1696877184945 100.0 76
1696877185066 100.0 77
1696877185189 100.0 78
1696877185306 100.0 79
1696877185425 100.0 80
1696877185544 100.0 81
1696877185663 100.0 82
1696877185784 100.0 83
1696877185905 100.0 84
1696877186026 100.0 85
1696877186146 100.0 86
1696877186264 100.0 87
1696877186387 100.0 88
1696877186506 100.0 89
1696877186627 100.0 90
1696877186744 100.0 91
1696877186865 100.0 92
1696877186986 100.0 93
1696877187104 100.0 94
1696877187223 100.0 95
1696877187343 100.0 96
1696877187462 100.0 97
1696877187583 100.0 98
1696877187705 100.0 99
1696877187827 100.0 100
