1696877175919 54.0 1
1696877176091 54.0 2
1696877176208 54.0 3
1696877176324 54.0 4
1696877176443 54.0 5
1696877176562 54.0 6
1696877176682 54.0 7
1696877176800 54.0 8
1696877176921 54.0 9
1696877177037 54.0 10
1696877177163 54.0 11
1696877177282 54.0 12
1696877177400 54.0 13
1696877177517 54.0 14
1696877177635 54.0 15
1696877177753 54.0 16
1696877177871 54.0 17
1696877177991 54.0 18
1696877178110 54.0 19
1696877178228 54.0 20
1696877178345 54.0 21
1696877178465 54.0 22
1696877178582 54.0 23
1696877178704 54.0 24
1696877178821 54.0 25
1696877178941 54.0 26
1696877179061 54.0 27
1696877179182 54.0 28
1696877179299 54.0 29
1696877179421 54.0 30
1696877179542 54.0 31
1696877179661 54.0 32
1696877179783 54.0 33
1696877179903 54.0 34
1696877180022 54.0 35
1696877180138 54.0 36
1696877180257 54.0 37
1696877180372 54.0 38
1696877180489 54.0 39
1696877180610 54.0 40
1696877180729 54.0 41
1696877180847 54.0 42
1696877180966 54.0 43
1696877181089 54.0 44
1696877181210 54.0 45
1696877181329 54.0 46
1696877181447 54.0 47
1696877181570 54.0 48
1696877181692 54.0 49
1696877181813 54.0 50
1696877181931 54.0 51
1696877182048 54.0 52
1696877182169 54.0 53
1696877182287 54.0 54
1696877182407 54.0 55
1696877182529 54.0 56
1696877182651 54.0 57
1696877182772 54.0 58
1696877182891 54.0 59
1696877183008 54.0 60
1696877183128 54.0 61
1696877183250 54.0 62
1696877183371 54.0 63
1696877183490 54.0 64
1696877183612 54.0 65
1696877183731 54.0 66
1696877183855 54.0 67
1696877183977 54.0 68
1696877184099 54.0 69
1696877184217 54.0 70
1696877184334 54.0 71
1696877184453 54.0 72
1696877184570 54.0 73
1696877184690 54.0 74
1696877184825 54.0 75
1696877184943 54.0 76
1696877185065 54.0 77
1696877185187 54.0 78
1696877185304 54.0 79
1696877185424 54.0 80
1696877185542 54.0 81
1696877185661 54.0 82
1696877185783 54.0 83
1696877185903 54.0 84
1696877186025 54.0 85
1696877186145 54.0 86
1696877186263 54.0 87
1696877186385 54.0 88
1696877186505 54.0 89
1696877186625 54.0 90
1696877186743 54.0 91
1696877186864 54.0 92
1696877186985 54.0 93
1696877187103 54.0 94
1696877187222 54.0 95
1696877187342 54.0 96
1696877187461 54.0 97
1696877187582 54.0 98
1696877187703 54.0 99
1696877187826 54.0 100
