1696877176018 0.0 1
1696877176189 0.0 2
1696877176305 0.0 3
1696877176425 0.0 4
1696877176544 0.0 5
1696877176663 0.0 6
1696877176782 0.0 7
1696877176902 0.0 8
1696877177018 0.0 9
1696877177143 0.0 10
1696877177260 0.0 11
1696877177378 0.0 12
1696877177495 0.0 13
1696877177614 0.0 14
1696877177733 0.0 15
1696877177852 0.0 16
1696877177972 0.0 17
1696877178091 0.0 18
1696877178209 0.0 19
1696877178326 0.0 20
1696877178446 0.0 21
1696877178563 0.0 22
1696877178684 0.0 23
1696877178802 0.0 24
1696877178921 0.0 25
1696877179041 0.0 26
1696877179162 0.0 27
1696877179279 0.0 28
1696877179400 0.0 29
1696877179522 0.0 30
1696877179641 0.0 31
1696877179762 0.0 32
1696877179880 0.0 33
1696877179999 0.0 34
1696877180116 0.0 35
1696877180232 0.0 36
1696877180352 0.0 37
1696877180469 0.0 38
1696877180590 0.0 39
1696877180707 0.0 40
1696877180827 0.0 41
1696877180947 0.0 42
1696877181068 0.0 43
1696877181189 0.0 44
1696877181307 0.0 45
1696877181427 0.0 46
1696877181549 0.0 47
1696877181671 0.0 48
1696877181789 0.0 49
1696877181910 0.0 50
1696877182027 0.0 51
1696877182148 0.0 52
1696877182266 0.0 53
1696877182386 0.0 54
1696877182508 0.0 55
1696877182630 0.0 56
1696877182748 0.0 57
1696877182870 0.0 58
1696877182988 0.0 59
1696877183107 0.0 60
1696877183229 0.0 61
1696877183349 0.0 62
1696877183467 0.0 63
1696877183587 0.0 64
1696877183706 0.0 65
1696877183825 0.0 66
1696877183944 0.0 67
1696877184066 0.0 68
1696877184188 0.0 69
1696877184307 0.0 70
1696877184424 0.0 71
1696877184546 0.0 72
1696877184667 0.0 73
1696877184789 0.0 74
1696877184911 0.0 75
1696877185029 0.0 76
1696877185150 0.0 77
1696877185272 0.0 78
1696877185390 0.0 79
1696877185508 0.0 80
1696877185630 0.0 81
1696877185753 0.0 82
1696877185874 0.0 83
1696877185996 0.0 84
1696877186117 0.0 85
1696877186236 0.0 86
1696877186357 0.0 87
1696877186477 0.0 88
1696877186596 0.0 89
1696877186718 0.0 90
1696877186841 0.0 91
1696877186962 0.0 92
1696877187081 0.0 93
1696877187198 0.0 94
1696877187318 0.0 95
1696877187440 0.0 96
1696877187560 0.0 97
1696877187678 0.0 98
1696877187798 0.0 99
1696877187920 0.0 100
