1696877176023 1.0 1
1696877176193 2.0 2
1696877176309 3.0 3
1696877176429 4.0 4
1696877176548 5.0 5
1696877176668 6.0 6
1696877176786 7.0 7
1696877176906 8.0 8
1696877177022 9.0 9
1696877177148 10.0 10
1696877177264 11.0 11
1696877177383 12.0 12
1696877177499 13.0 13
1696877177618 14.0 14
1696877177738 15.0 15
1696877177856 16.0 16
1696877177976 17.0 17
1696877178095 18.0 18
1696877178213 19.0 19
1696877178330 20.0 20
1696877178450 21.0 21
1696877178567 22.0 22
1696877178688 23.0 23
1696877178807 24.0 24
1696877178925 25.0 25
1696877179046 26.0 26
1696877179166 27.0 27
1696877179283 28.0 28
1696877179405 29.0 29
1696877179526 30.0 30
1696877179646 31.0 31
1696877179767 32.0 32
1696877179884 33.0 33
1696877180003 34.0 34
1696877180120 35.0 35
1696877180236 36.0 36
1696877180356 37.0 37
1696877180473 38.0 38
1696877180594 39.0 39
1696877180711 40.0 40
1696877180831 41.0 41
1696877180951 42.0 42
1696877181072 43.0 43
1696877181194 44.0 44
1696877181311 45.0 45
1696877181432 46.0 46
1696877181554 47.0 47
1696877181675 48.0 48
1696877181793 49.0 49
1696877181914 50.0 50
1696877182031 51.0 51
1696877182152 52.0 52
1696877182271 53.0 53
1696877182390 54.0 54
1696877182512 55.0 55
1696877182634 56.0 56
1696877182752 57.0 57
1696877182874 58.0 58
1696877182992 59.0 59
1696877183111 60.0 60
1696877183233 61.0 61
1696877183353 62.0 62
1696877183471 63.0 63
1696877183592 64.0 64
1696877183711 65.0 65
1696877183829 66.0 66
1696877183948 67.0 67
1696877184070 68.0 68
1696877184192 69.0 69
1696877184311 70.0 70
1696877184428 71.0 71
1696877184550 72.0 72
1696877184671 73.0 73
1696877184793 74.0 74
1696877184916 75.0 75
1696877185033 76.0 76
1696877185154 77.0 77
1696877185276 78.0 78
1696877185394 79.0 79
1696877185512 80.0 80
1696877185635 81.0 81
1696877185757 82.0 82
1696877185878 83.0 83
1696877186000 84.0 84
1696877186121 85.0 85
1696877186240 86.0 86
1696877186361 87.0 87
1696877186481 88.0 88
1696877186600 89.0 89
1696877186722 90.0 90
1696877186846 91.0 91
1696877186966 92.0 92
1696877187084 93.0 93
1696877187202 94.0 94
1696877187322 95.0 95
1696877187443 96.0 96
1696877187564 97.0 97
1696877187682 98.0 98
1696877187802 99.0 99
1696877187923 100.0 100
