1696877176016 0.0 1
1696877176187 1.0 2
1696877176303 2.0 3
1696877176422 3.0 4
1696877176542 4.0 5
1696877176661 5.0 6
1696877176780 6.0 7
1696877176899 7.0 8
1696877177016 8.0 9
1696877177132 9.0 10
1696877177257 10.0 11
1696877177376 11.0 12
1696877177493 12.0 13
1696877177611 13.0 14
1696877177731 14.0 15
1696877177850 15.0 16
1696877177970 16.0 17
1696877178088 17.0 18
1696877178207 18.0 19
1696877178324 19.0 20
1696877178444 20.0 21
1696877178561 21.0 22
1696877178681 22.0 23
1696877178800 23.0 24
1696877178919 24.0 25
1696877179039 25.0 26
1696877179160 26.0 27
1696877179276 27.0 28
1696877179398 28.0 29
1696877179520 29.0 30
1696877179639 30.0 31
1696877179760 31.0 32
1696877179877 32.0 33
1696877179997 33.0 34
1696877180114 34.0 35
1696877180230 35.0 36
1696877180350 36.0 37
1696877180467 37.0 38
1696877180588 38.0 39
1696877180705 39.0 40
1696877180825 40.0 41
1696877180944 41.0 42
1696877181066 42.0 43
1696877181187 43.0 44
1696877181304 44.0 45
1696877181425 45.0 46
1696877181547 46.0 47
1696877181669 47.0 48
1696877181787 48.0 49
1696877181908 49.0 50
1696877182025 50.0 51
1696877182146 51.0 52
1696877182264 52.0 53
1696877182384 53.0 54
1696877182506 54.0 55
1696877182628 55.0 56
1696877182746 56.0 57
1696877182868 57.0 58
1696877182985 58.0 59
1696877183105 59.0 60
1696877183227 60.0 61
1696877183346 61.0 62
1696877183465 62.0 63
1696877183585 63.0 64
1696877183703 64.0 65
1696877183823 65.0 66
1696877183941 66.0 67
1696877184064 67.0 68
1696877184186 68.0 69
1696877184305 69.0 70
1696877184422 70.0 71
1696877184544 71.0 72
1696877184665 72.0 73
1696877184787 73.0 74
1696877184909 74.0 75
1696877185027 75.0 76
1696877185148 76.0 77
1696877185270 77.0 78
1696877185388 78.0 79
1696877185506 79.0 80
1696877185628 80.0 81
1696877185751 81.0 82
1696877185872 82.0 83
1696877185994 83.0 84
1696877186115 84.0 85
1696877186234 85.0 86
1696877186355 86.0 87
1696877186475 87.0 88
1696877186594 88.0 89
1696877186716 89.0 90
1696877186839 90.0 91
1696877186960 91.0 92
1696877187079 92.0 93
1696877187196 93.0 94
1696877187316 94.0 95
1696877187437 95.0 96
1696877187558 96.0 97
1696877187676 97.0 98
1696877187796 98.0 99
1696877187918 99.0 100
