1696877176016 18.6 1
1696877176188 9.61010101010101 2
1696877176304 9.13191489361702 3
1696877176423 8.96101083032491 4
1696877176543 8.873224043715847 5
1696877176662 8.819780219780219 6
1696877176780 8.783823529411764 7
1696877176900 8.757977883096366 8
1696877177017 8.738504155124653 9
1696877177142 8.723304562268803 10
1696877177258 8.71111111111111 11
1696877177377 8.701112234580384 12
1696877177493 8.692764378478664 13
1696877177612 8.685689802913453 14
1696877177732 8.679617834394904 15
1696877177850 8.674349442379182 16
1696877177971 8.6697350069735 17
1696877178089 8.665659881812212 18
1696877178207 8.662034739454095 19
1696877178324 8.658788947677836 20
1696877178445 8.65586592178771 21
1696877178561 8.653219797764768 22
1696877178682 8.650813008130081 23
1696877178800 8.648614487117161 24
1696877178920 8.646598322460392 25
1696877179040 8.644742729306488 26
1696877179160 8.64302925989673 27
1696877179277 8.641442188147535 28
1696877179399 8.639968025579536 29
1696877179520 8.638595137012736 30
1696877179640 8.637313432835821 31
1696877179761 8.636114120621162 32
1696877179878 8.634989503149056 33
1696877179998 8.6339328130302 34
1696877180115 8.632938076416337 35
1696877180231 8.632 36
1696877180351 8.631113876789048 37
1696877180468 8.630275507114744 38
1696877180589 8.62948113207547 39
1696877180706 8.628727377190462 40
1696877180826 8.628011204481792 41
1696877180945 8.627329871549604 42
1696877181066 8.62668089647812 43
1696877181188 8.62606202762575 44
1696877181305 8.625471217524197 45
1696877181426 8.624906600249066 46
1696877181548 8.624366471734893 47
1696877181670 8.623849272597186 48
1696877181788 8.623353573096683 49
1696877181909 8.622878059940517 50
1696877182025 8.622421524663677 51
1696877182147 8.621982853374368 52
1696877182265 8.621561017680035 53
1696877182384 8.62115506663846 54
1696877182506 8.62076411960133 55
1696877182629 8.6203873598369 56
1696877182746 8.620024028834601 57
1696877182868 8.619673421207947 58
1696877182986 8.619334880123743 59
1696877183106 8.619007793195209 60
1696877183228 8.618691588785046 61
1696877183347 8.618385732671447 62
1696877183465 8.61808972503618 63
1696877183586 8.617803097739007 64
1696877183704 8.617525411847177 65
1696877183824 8.61725625539258 66
1696877183942 8.616995241332427 67
1696877184064 8.61674200569228 68
1696877184186 8.616496205872648 69
1696877184306 8.616257519102584 70
1696877184423 8.61602564102564 71
1696877184544 8.615800284405118 72
1696877184666 8.615581177937052 73
1696877184788 8.615368065160595 74
1696877184910 8.61516070345664 75
1696877185028 8.614958863126402 76
1696877185149 8.614762326542662 77
1696877185271 8.61457088736704 78
1696877185389 8.614384349827388 79
1696877185507 8.614202528049992 80
1696877185629 8.614025245441795 81
1696877185752 8.613852334118299 82
1696877185873 8.61368363437329 83
1696877185995 8.613518994186832 84
1696877186116 8.613358268768367 85
1696877186235 8.613201320132013 86
1696877186355 8.61304801670146 87
1696877186476 8.612898232942086 88
1696877186595 8.612751849018107 89
1696877186716 8.612608750472829 90
1696877186840 8.612468827930174 91
1696877186961 8.612331976815883 92
1696877187079 8.612198097096853 93
1696877187197 8.612067093037288 94
1696877187317 8.611938872970391 95
1696877187438 8.611813349084466 96
1696877187559 8.611690437222352 97
1696877187677 8.611570056693278 98
1696877187797 8.611452130096197 99
1696877187918 8.611336583153838 100
