1696877176022 90600.0 1
1696877176192 90600.0 2
1696877176308 90600.0 3
1696877176427 90600.0 4
1696877176547 90600.0 5
1696877176666 90600.0 6
1696877176785 90600.0 7
1696877176905 90600.0 8
1696877177021 90600.0 9
1696877177146 90600.0 10
1696877177262 90600.0 11
1696877177381 90600.0 12
1696877177498 90600.0 13
1696877177616 90600.0 14
1696877177736 90600.0 15
1696877177854 90600.0 16
1696877177975 90600.0 17
1696877178093 90600.0 18
1696877178212 90600.0 19
1696877178329 90600.0 20
1696877178449 90600.0 21
1696877178566 90600.0 22
1696877178687 90600.0 23
1696877178805 90600.0 24
1696877178924 90600.0 25
1696877179044 90600.0 26
1696877179165 90600.0 27
1696877179282 90600.0 28
1696877179403 90600.0 29
1696877179525 90600.0 30
1696877179644 90600.0 31
1696877179765 90600.0 32
1696877179882 90600.0 33
1696877180002 90600.0 34
1696877180119 90600.0 35
1696877180235 90600.0 36
1696877180355 90600.0 37
1696877180472 90600.0 38
1696877180593 90600.0 39
1696877180710 90600.0 40
1696877180830 90600.0 41
1696877180949 90600.0 42
1696877181070 90600.0 43
1696877181192 90600.0 44
1696877181309 90600.0 45
1696877181430 90600.0 46
1696877181552 90600.0 47
1696877181674 90600.0 48
1696877181792 90600.0 49
1696877181913 90600.0 50
1696877182029 90600.0 51
1696877182151 90600.0 52
1696877182269 90600.0 53
1696877182389 90600.0 54
1696877182511 90600.0 55
1696877182633 90600.0 56
1696877182751 90600.0 57
1696877182872 90600.0 58
1696877182990 90600.0 59
1696877183110 90600.0 60
1696877183232 90600.0 61
1696877183351 90600.0 62
1696877183470 90600.0 63
1696877183590 90600.0 64
1696877183709 90600.0 65
1696877183828 90600.0 66
1696877183947 90600.0 67
1696877184068 90600.0 68
1696877184190 90600.0 69
1696877184309 90600.0 70
1696877184427 90600.0 71
1696877184548 90600.0 72
1696877184670 90600.0 73
1696877184792 90600.0 74
1696877184914 90600.0 75
1696877185032 90600.0 76
1696877185153 90600.0 77
1696877185275 90600.0 78
1696877185392 90600.0 79
1696877185511 90600.0 80
1696877185633 90600.0 81
1696877185756 90600.0 82
1696877185877 90600.0 83
1696877185999 90600.0 84
1696877186120 90600.0 85
1696877186239 90600.0 86
1696877186359 90600.0 87
1696877186480 90600.0 88
1696877186599 90600.0 89
1696877186721 90600.0 90
1696877186844 90600.0 91
1696877186965 90600.0 92
1696877187083 90600.0 93
1696877187201 90600.0 94
1696877187321 90600.0 95
1696877187442 90600.0 96
1696877187563 90600.0 97
1696877187681 90600.0 98
1696877187801 90600.0 99
1696877187922 90600.0 100
