1696877176021 0.00016117095947265625 1
1696877176191 0.10534214973449707 2
1696877176307 0.20763516426086426 3
1696877176427 0.3123743534088135 4
1696877176546 0.4175281524658203 5
1696877176666 0.5222079753875732 6
1696877176784 0.6258819103240967 7
1696877176904 0.7310512065887451 8
1696877177020 0.8326432704925537 9
1696877177146 0.93404221534729 10
1696877177262 1.0351481437683105 11
1696877177380 1.139033317565918 12
1696877177497 1.2409234046936035 13
1696877177616 1.3444232940673828 14
1696877177735 1.4489545822143555 15
1696877177854 1.5526692867279053 16
1696877177974 1.6577963829040527 17
1696877178093 1.761115312576294 18
1696877178211 1.8639655113220215 19
1696877178328 1.9657347202301025 20
1696877178448 2.070866584777832 21
1696877178565 2.1725504398345947 22
1696877178686 2.2774994373321533 23
1696877178804 2.37954044342041 24
1696877178923 2.48301362991333 25
1696877179044 2.5875606536865234 26
1696877179164 2.6921067237854004 27
1696877179281 2.793137550354004 28
1696877179403 2.897991418838501 29
1696877179524 3.0031702518463135 30
1696877179644 3.107227325439453 31
1696877179764 3.212367296218872 32
1696877179882 3.314451217651367 33
1696877180001 3.41795015335083 34
1696877180118 3.5195229053497314 35
1696877180234 3.620455026626587 36
1696877180354 3.725343942642212 37
1696877180471 3.826312780380249 38
1696877180592 3.9314918518066406 39
1696877180709 4.033210754394531 40
1696877180829 4.137573719024658 41
1696877180949 4.241533517837524 42
1696877181070 4.346720218658447 43
1696877181191 4.4518773555755615 44
1696877181309 4.552942276000977 45
1696877181429 4.657780170440674 46
1696877181551 4.762901782989502 47
1696877181673 4.867868661880493 48
1696877181791 4.969290733337402 49
1696877181912 5.074436902999878 50
1696877182029 5.17466402053833 51
1696877182150 5.279789209365845 52
1696877182269 5.381289958953857 53
1696877182388 5.483916997909546 54
1696877182510 5.589155912399292 55
1696877182632 5.694300889968872 56
1696877182750 5.795254945755005 57
1696877182872 5.900382041931152 58
1696877182990 6.001421213150024 59
1696877183109 6.104386329650879 60
1696877183231 6.209511041641235 61
1696877183351 6.311468839645386 62
1696877183469 6.412545919418335 63
1696877183590 6.516032934188843 64
1696877183708 6.6164867877960205 65
1696877183827 6.717461585998535 66
1696877183946 6.8178486824035645 67
1696877184067 6.922913551330566 68
1696877184190 7.028028726577759 69
1696877184309 7.13041877746582 70
1696877184426 7.2315287590026855 71
1696877184548 7.3366615772247314 72
1696877184669 7.441783666610718 73
1696877184791 7.546551704406738 74
1696877184913 7.651674509048462 75
1696877185031 7.752032279968262 76
1696877185152 7.856412172317505 77
1696877185274 7.961576223373413 78
1696877185392 8.062279224395752 79
1696877185510 8.1637601852417 80
1696877185633 8.268879175186157 81
1696877185755 8.373998165130615 82
1696877185876 8.477793216705322 83
1696877185998 8.582667350769043 84
1696877186119 8.686920642852783 85
1696877186238 8.788485765457153 86
1696877186359 8.891904830932617 87
1696877186479 8.995206832885742 88
1696877186598 9.097462892532349 89
1696877186720 9.201311826705933 90
1696877186843 9.306449890136719 91
1696877186964 9.409316778182983 92
1696877187082 9.510377645492554 93
1696877187200 9.610962629318237 94
1696877187320 9.71343445777893 95
1696877187441 9.817463397979736 96
1696877187562 9.920820236206055 97
1696877187680 10.022112131118774 98
1696877187800 10.124525308609009 99
1696877187922 10.228234052658081 100
