1696877176018 1696877175.0 1
1696877176189 1696877176.0 2
1696877176304 1696877176.0 3
1696877176424 1696877176.0 4
1696877176543 1696877176.0 5
1696877176662 1696877176.0 6
1696877176781 1696877176.0 7
1696877176901 1696877176.0 8
1696877177018 1696877177.0 9
1696877177142 1696877177.0 10
1696877177259 1696877177.0 11
1696877177378 1696877177.0 12
1696877177494 1696877177.0 13
1696877177613 1696877177.0 14
1696877177733 1696877177.0 15
1696877177851 1696877177.0 16
1696877177971 1696877177.0 17
1696877178090 1696877178.0 18
1696877178208 1696877178.0 19
1696877178325 1696877178.0 20
1696877178445 1696877178.0 21
1696877178562 1696877178.0 22
1696877178683 1696877178.0 23
1696877178801 1696877178.0 24
1696877178921 1696877178.0 25
1696877179041 1696877179.0 26
1696877179161 1696877179.0 27
1696877179278 1696877179.0 28
1696877179399 1696877179.0 29
1696877179521 1696877179.0 30
1696877179641 1696877179.0 31
1696877179762 1696877179.0 32
1696877179879 1696877179.0 33
1696877179999 1696877179.0 34
1696877180115 1696877180.0 35
1696877180231 1696877180.0 36
1696877180352 1696877180.0 37
1696877180468 1696877180.0 38
1696877180589 1696877180.0 39
1696877180707 1696877180.0 40
1696877180826 1696877180.0 41
1696877180946 1696877180.0 42
1696877181067 1696877181.0 43
1696877181189 1696877181.0 44
1696877181306 1696877181.0 45
1696877181427 1696877181.0 46
1696877181549 1696877181.0 47
1696877181671 1696877181.0 48
1696877181788 1696877181.0 49
1696877181910 1696877181.0 50
1696877182026 1696877182.0 51
1696877182147 1696877182.0 52
1696877182266 1696877182.0 53
1696877182385 1696877182.0 54
1696877182507 1696877182.0 55
1696877182629 1696877182.0 56
1696877182747 1696877182.0 57
1696877182869 1696877182.0 58
1696877182987 1696877182.0 59
1696877183106 1696877183.0 60
1696877183228 1696877183.0 61
1696877183348 1696877183.0 62
1696877183466 1696877183.0 63
1696877183586 1696877183.0 64
1696877183705 1696877183.0 65
1696877183824 1696877183.0 66
1696877183943 1696877183.0 67
1696877184065 1696877184.0 68
1696877184187 1696877184.0 69
1696877184306 1696877184.0 70
1696877184424 1696877184.0 71
1696877184545 1696877184.0 72
1696877184667 1696877184.0 73
1696877184789 1696877184.0 74
1696877184911 1696877184.0 75
1696877185028 1696877185.0 76
1696877185150 1696877185.0 77
1696877185272 1696877185.0 78
1696877185389 1696877185.0 79
1696877185507 1696877185.0 80
1696877185629 1696877185.0 81
1696877185753 1696877185.0 82
1696877185873 1696877185.0 83
1696877185995 1696877185.0 84
1696877186117 1696877186.0 85
1696877186236 1696877186.0 86
1696877186356 1696877186.0 87
1696877186476 1696877186.0 88
1696877186596 1696877186.0 89
1696877186717 1696877186.0 90
1696877186840 1696877186.0 91
1696877186962 1696877186.0 92
1696877187080 1696877187.0 93
1696877187198 1696877187.0 94
1696877187317 1696877187.0 95
1696877187439 1696877187.0 96
1696877187559 1696877187.0 97
1696877187678 1696877187.0 98
1696877187798 1696877187.0 99
1696877187919 1696877187.0 100
