1696877176020 0.00016117095947265625 1
1696877176191 0.10518097877502441 2
1696877176307 0.10229301452636719 3
1696877176426 0.10473918914794922 4
1696877176545 0.10515379905700684 5
1696877176665 0.10467982292175293 6
1696877176783 0.10367393493652344 7
1696877176903 0.10516929626464844 8
1696877177020 0.1015920639038086 9
1696877177145 0.10139894485473633 10
1696877177261 0.10110592842102051 11
1696877177380 0.10388517379760742 12
1696877177496 0.10189008712768555 13
1696877177615 0.1034998893737793 14
1696877177735 0.10453128814697266 15
1696877177853 0.1037147045135498 16
1696877177974 0.10512709617614746 17
1696877178092 0.10331892967224121 18
1696877178210 0.10285019874572754 19
1696877178327 0.10176920890808105 20
1696877178448 0.10513186454772949 21
1696877178564 0.1016838550567627 22
1696877178685 0.1049489974975586 23
1696877178803 0.10204100608825684 24
1696877178923 0.10347318649291992 25
1696877179043 0.10454702377319336 26
1696877179163 0.10454607009887695 27
1696877179280 0.10103082656860352 28
1696877179402 0.10485386848449707 29
1696877179523 0.1051788330078125 30
1696877179643 0.10405707359313965 31
1696877179764 0.10513997077941895 32
1696877179881 0.10208392143249512 33
1696877180001 0.10349893569946289 34
1696877180117 0.10157275199890137 35
1696877180234 0.10093212127685547 36
1696877180354 0.104888916015625 37
1696877180470 0.10096883773803711 38
1696877180592 0.1051790714263916 39
1696877180709 0.10171890258789062 40
1696877180828 0.10436296463012695 41
1696877180948 0.10395979881286621 42
1696877181069 0.10518670082092285 43
1696877181191 0.10515713691711426 44
1696877181308 0.10106492042541504 45
1696877181429 0.10483789443969727 46
1696877181551 0.10512161254882812 47
1696877181673 0.10496687889099121 48
1696877181790 0.10142207145690918 49
1696877181912 0.10514616966247559 50
1696877182028 0.10022711753845215 51
1696877182149 0.10512518882751465 52
1696877182268 0.1015007495880127 53
1696877182387 0.10262703895568848 54
1696877182509 0.1052389144897461 55
1696877182632 0.10514497756958008 56
1696877182749 0.10095405578613281 57
1696877182871 0.10512709617614746 58
1696877182989 0.10103917121887207 59
1696877183108 0.10296511650085449 60
1696877183231 0.10512471199035645 61
1696877183350 0.10195779800415039 62
1696877183468 0.10107707977294922 63
1696877183589 0.10348701477050781 64
1696877183707 0.10045385360717773 65
1696877183826 0.10097479820251465 66
1696877183945 0.1003870964050293 67
1696877184067 0.10506486892700195 68
1696877184189 0.10511517524719238 69
1696877184308 0.10239005088806152 70
1696877184426 0.10110998153686523 71
1696877184547 0.1051328182220459 72
1696877184669 0.10512208938598633 73
1696877184790 0.10476803779602051 74
1696877184913 0.10512280464172363 75
1696877185030 0.1003577709197998 76
1696877185152 0.10437989234924316 77
1696877185274 0.1051640510559082 78
1696877185391 0.10070300102233887 79
1696877185509 0.10148096084594727 80
1696877185632 0.10511898994445801 81
1696877185755 0.10511898994445801 82
1696877185875 0.10379505157470703 83
1696877185997 0.1048741340637207 84
1696877186119 0.10425329208374023 85
1696877186237 0.10156512260437012 86
1696877186358 0.10341906547546387 87
1696877186478 0.103302001953125 88
1696877186598 0.10225605964660645 89
1696877186719 0.10384893417358398 90
1696877186843 0.10513806343078613 91
1696877186964 0.10286688804626465 92
1696877187082 0.10106086730957031 93
1696877187200 0.1005849838256836 94
1696877187319 0.10247182846069336 95
1696877187441 0.10402894020080566 96
1696877187561 0.10335683822631836 97
1696877187680 0.10129189491271973 98
1696877187799 0.10241317749023438 99
1696877187921 0.10370874404907227 100
