1696877176022 0.00016117095947265625 1
1696877176192 0.10534214973449707 2
1696877176309 0.20763516426086426 3
1696877176428 0.3123743534088135 4
1696877176547 0.4175281524658203 5
1696877176667 0.5222079753875732 6
1696877176785 0.6258819103240967 7
1696877176905 0.7310512065887451 8
1696877177022 0.8326432704925537 9
1696877177147 0.93404221534729 10
1696877177263 1.0351481437683105 11
1696877177382 1.139033317565918 12
1696877177498 1.2409234046936035 13
1696877177617 1.3444232940673828 14
1696877177737 1.4489545822143555 15
1696877177855 1.5526692867279053 16
1696877177976 1.6577963829040527 17
1696877178094 1.761115312576294 18
1696877178212 1.8639655113220215 19
1696877178329 1.9657347202301025 20
1696877178450 2.070866584777832 21
1696877178567 2.1725504398345947 22
1696877178687 2.2774994373321533 23
1696877178806 2.37954044342041 24
1696877178925 2.48301362991333 25
1696877179045 2.5875606536865234 26
1696877179166 2.6921067237854004 27
1696877179282 2.793137550354004 28
1696877179404 2.897991418838501 29
1696877179526 3.0031702518463135 30
1696877179645 3.107227325439453 31
1696877179766 3.212367296218872 32
1696877179883 3.314451217651367 33
1696877180003 3.41795015335083 34
1696877180119 3.5195229053497314 35
1696877180236 3.620455026626587 36
1696877180356 3.725343942642212 37
1696877180473 3.826312780380249 38
1696877180594 3.9314918518066406 39
1696877180711 4.033210754394531 40
1696877180830 4.137573719024658 41
1696877180950 4.241533517837524 42
1696877181071 4.346720218658447 43
1696877181193 4.4518773555755615 44
1696877181310 4.552942276000977 45
1696877181431 4.657780170440674 46
1696877181553 4.762901782989502 47
1696877181675 4.867868661880493 48
1696877181792 4.969290733337402 49
1696877181914 5.074436902999878 50
1696877182030 5.17466402053833 51
1696877182152 5.279789209365845 52
1696877182270 5.381289958953857 53
1696877182389 5.483916997909546 54
1696877182511 5.589155912399292 55
1696877182634 5.694300889968872 56
1696877182751 5.795254945755005 57
1696877182873 5.900382041931152 58
1696877182991 6.001421213150024 59
1696877183111 6.104386329650879 60
1696877183233 6.209511041641235 61
1696877183352 6.311468839645386 62
1696877183470 6.412545919418335 63
1696877183591 6.516032934188843 64
1696877183710 6.6164867877960205 65
1696877183829 6.717461585998535 66
1696877183947 6.8178486824035645 67
1696877184069 6.922913551330566 68
1696877184191 7.028028726577759 69
1696877184310 7.13041877746582 70
1696877184428 7.2315287590026855 71
1696877184549 7.3366615772247314 72
1696877184671 7.441783666610718 73
1696877184792 7.546551704406738 74
1696877184915 7.651674509048462 75
1696877185032 7.752032279968262 76
1696877185153 7.856412172317505 77
1696877185276 7.961576223373413 78
1696877185393 8.062279224395752 79
1696877185511 8.1637601852417 80
1696877185634 8.268879175186157 81
1696877185756 8.373998165130615 82
1696877185877 8.477793216705322 83
1696877185999 8.582667350769043 84
1696877186121 8.686920642852783 85
1696877186239 8.788485765457153 86
1696877186360 8.891904830932617 87
1696877186480 8.995206832885742 88
1696877186600 9.097462892532349 89
1696877186721 9.201311826705933 90
1696877186845 9.306449890136719 91
1696877186965 9.409316778182983 92
1696877187084 9.510377645492554 93
1696877187201 9.610962629318237 94
1696877187322 9.71343445777893 95
1696877187443 9.817463397979736 96
1696877187563 9.920820236206055 97
1696877187682 10.022112131118774 98
1696877187801 10.124525308609009 99
1696877187923 10.228234052658081 100
