1696877176019 1.0 1
1696877176190 2.0 2
1696877176306 3.0 3
1696877176425 4.0 4
1696877176545 5.0 5
1696877176664 6.0 6
1696877176783 7.0 7
1696877176903 8.0 8
1696877177019 9.0 9
1696877177144 10.0 10
1696877177260 11.0 11
1696877177379 12.0 12
1696877177496 13.0 13
1696877177614 14.0 14
1696877177734 15.0 15
1696877177852 16.0 16
1696877177973 17.0 17
1696877178091 18.0 18
1696877178210 19.0 19
1696877178326 20.0 20
1696877178447 21.0 21
1696877178564 22.0 22
1696877178685 23.0 23
1696877178802 24.0 24
1696877178922 25.0 25
1696877179042 26.0 26
1696877179163 27.0 27
1696877179279 28.0 28
1696877179401 29.0 29
1696877179523 30.0 30
1696877179642 31.0 31
1696877179763 32.0 32
1696877179880 33.0 33
1696877180000 34.0 34
1696877180117 35.0 35
1696877180233 36.0 36
1696877180353 37.0 37
1696877180470 38.0 38
1696877180591 39.0 39
1696877180708 40.0 40
1696877180828 41.0 41
1696877180947 42.0 42
1696877181068 43.0 43
1696877181190 44.0 44
1696877181307 45.0 45
1696877181428 46.0 46
1696877181550 47.0 47
1696877181672 48.0 48
1696877181790 49.0 49
1696877181911 50.0 50
1696877182027 51.0 51
1696877182148 52.0 52
1696877182267 53.0 53
1696877182387 54.0 54
1696877182509 55.0 55
1696877182631 56.0 56
1696877182749 57.0 57
1696877182870 58.0 58
1696877182988 59.0 59
1696877183108 60.0 60
1696877183230 61.0 61
1696877183349 62.0 62
1696877183468 63.0 63
1696877183588 64.0 64
1696877183706 65.0 65
1696877183826 66.0 66
1696877183944 67.0 67
1696877184066 68.0 68
1696877184188 69.0 69
1696877184307 70.0 70
1696877184425 71.0 71
1696877184546 72.0 72
1696877184668 73.0 73
1696877184790 74.0 74
1696877184912 75.0 75
1696877185030 76.0 76
1696877185151 77.0 77
1696877185273 78.0 78
1696877185391 79.0 79
1696877185509 80.0 80
1696877185631 81.0 81
1696877185754 82.0 82
1696877185875 83.0 83
1696877185997 84.0 84
1696877186118 85.0 85
1696877186237 86.0 86
1696877186357 87.0 87
1696877186478 88.0 88
1696877186597 89.0 89
1696877186718 90.0 90
1696877186842 91.0 91
1696877186963 92.0 92
1696877187081 93.0 93
1696877187199 94.0 94
1696877187319 95.0 95
1696877187440 96.0 96
1696877187561 97.0 97
1696877187679 98.0 98
1696877187799 99.0 99
1696877187920 100.0 100
