1696877175968 0.0 1
1696877176101 0.0 2
1696877176220 0.0 3
1696877176338 0.0 4
1696877176453 0.0 5
1696877176570 0.0 6
1696877176691 0.0 7
1696877176809 0.0 8
1696877176930 0.0 9
1696877177048 0.0 10
1696877177173 0.0 11
1696877177290 0.0 12
1696877177409 0.0 13
1696877177527 0.0 14
1696877177645 0.0 15
1696877177763 0.0 16
1696877177879 0.0 17
1696877178000 0.0 18
1696877178119 0.0 19
1696877178237 0.0 20
1696877178354 0.0 21
1696877178474 0.0 22
1696877178591 0.0 23
1696877178714 0.0 24
1696877178831 0.0 25
1696877178950 0.0 26
1696877179070 0.0 27
1696877179191 0.0 28
1696877179309 0.0 29
1696877179430 0.0 30
1696877179552 0.0 31
1696877179671 0.0 32
1696877179793 0.0 33
1696877179913 0.0 34
1696877180032 0.0 35
1696877180150 0.0 36
1696877180270 0.0 37
1696877180388 0.0 38
1696877180505 0.0 39
1696877180625 0.0 40
1696877180745 0.0 41
1696877180863 0.0 42
1696877180983 0.0 43
1696877181100 0.0 44
1696877181220 0.0 45
1696877181339 0.0 46
1696877181458 0.0 47
1696877181580 0.0 48
1696877181703 0.0 49
1696877181824 0.0 50
1696877181942 0.0 51
1696877182059 0.0 52
1696877182179 0.0 53
1696877182298 0.0 54
1696877182418 0.0 55
1696877182540 0.0 56
1696877182661 0.0 57
1696877182783 0.0 58
1696877182904 0.0 59
1696877183025 0.0 60
1696877183146 0.0 61
1696877183261 0.0 62
1696877183382 0.0 63
1696877183504 0.0 64
1696877183626 0.0 65
1696877183746 0.0 66
1696877183868 0.0 67
1696877183992 0.0 68
1696877184115 0.0 69
1696877184233 0.0 70
1696877184352 0.0 71
1696877184472 0.0 72
1696877184590 0.0 73
1696877184710 0.0 74
1696877184837 0.0 75
1696877184956 0.0 76
1696877185077 0.0 77
1696877185199 0.0 78
1696877185320 0.0 79
1696877185441 0.0 80
1696877185563 0.0 81
1696877185682 0.0 82
1696877185804 0.0 83
1696877185924 0.0 84
1696877186046 0.0 85
1696877186163 0.0 86
1696877186281 0.0 87
1696877186402 0.0 88
1696877186521 0.0 89
1696877186648 0.0 90
1696877186766 0.0 91
1696877186885 0.0 92
1696877187004 0.0 93
1696877187125 0.0 94
1696877187247 0.0 95
1696877187368 0.0 96
1696877187490 0.0 97
1696877187609 0.0 98
1696877187732 0.0 99
1696877187853 0.0 100
