1696877175973 1.0 1
1696877176105 2.0 2
1696877176224 3.0 3
1696877176342 4.0 4
1696877176457 5.0 5
1696877176574 6.0 6
1696877176695 7.0 7
1696877176813 8.0 8
1696877176934 9.0 9
1696877177052 10.0 10
1696877177177 11.0 11
1696877177294 12.0 12
1696877177413 13.0 13
1696877177531 14.0 14
1696877177649 15.0 15
1696877177767 16.0 16
1696877177883 17.0 17
1696877178004 18.0 18
1696877178122 19.0 19
1696877178241 20.0 20
1696877178358 21.0 21
1696877178478 22.0 22
1696877178595 23.0 23
1696877178718 24.0 24
1696877178835 25.0 25
1696877178954 26.0 26
1696877179074 27.0 27
1696877179195 28.0 28
1696877179313 29.0 29
1696877179434 30.0 30
1696877179556 31.0 31
1696877179675 32.0 32
1696877179797 33.0 33
1696877179917 34.0 34
1696877180036 35.0 35
1696877180154 36.0 36
1696877180274 37.0 37
1696877180391 38.0 38
1696877180509 39.0 39
1696877180630 40.0 40
1696877180749 41.0 41
1696877180866 42.0 42
1696877180986 43.0 43
1696877181104 44.0 44
1696877181224 45.0 45
1696877181343 46.0 46
1696877181461 47.0 47
1696877181585 48.0 48
1696877181707 49.0 49
1696877181828 50.0 50
1696877181946 51.0 51
1696877182063 52.0 52
1696877182183 53.0 53
1696877182302 54.0 54
1696877182422 55.0 55
1696877182544 56.0 56
1696877182665 57.0 57
1696877182787 58.0 58
1696877182908 59.0 59
1696877183029 60.0 60
1696877183150 61.0 61
1696877183266 62.0 62
1696877183387 63.0 63
1696877183507 64.0 64
1696877183631 65.0 65
1696877183751 66.0 66
1696877183873 67.0 67
1696877183997 68.0 68
1696877184119 69.0 69
1696877184237 70.0 70
1696877184356 71.0 71
1696877184476 72.0 72
1696877184594 73.0 73
1696877184714 74.0 74
1696877184841 75.0 75
1696877184959 76.0 76
1696877185080 77.0 77
1696877185203 78.0 78
1696877185324 79.0 79
1696877185445 80.0 80
1696877185567 81.0 81
1696877185686 82.0 82
1696877185808 83.0 83
1696877185928 84.0 84
1696877186050 85.0 85
1696877186167 86.0 86
1696877186285 87.0 87
1696877186406 88.0 88
1696877186528 89.0 89
1696877186652 90.0 90
1696877186771 91.0 91
1696877186889 92.0 92
1696877187008 93.0 93
1696877187129 94.0 94
1696877187251 95.0 95
1696877187372 96.0 96
1696877187495 97.0 97
1696877187613 98.0 98
1696877187736 99.0 99
1696877187857 100.0 100
