1696877175965 0.0 1
1696877176099 1.0 2
1696877176218 2.0 3
1696877176336 3.0 4
1696877176451 4.0 5
1696877176568 5.0 6
1696877176688 6.0 7
1696877176806 7.0 8
1696877176928 8.0 9
1696877177046 9.0 10
1696877177171 10.0 11
1696877177288 11.0 12
1696877177407 12.0 13
1696877177525 13.0 14
1696877177643 14.0 15
1696877177760 15.0 16
1696877177877 16.0 17
1696877177998 17.0 18
1696877178116 18.0 19
1696877178235 19.0 20
1696877178352 20.0 21
1696877178472 21.0 22
1696877178589 22.0 23
1696877178712 23.0 24
1696877178829 24.0 25
1696877178948 25.0 26
1696877179068 26.0 27
1696877179189 27.0 28
1696877179307 28.0 29
1696877179428 29.0 30
1696877179550 30.0 31
1696877179669 31.0 32
1696877179791 32.0 33
1696877179911 33.0 34
1696877180030 34.0 35
1696877180148 35.0 36
1696877180268 36.0 37
1696877180386 37.0 38
1696877180503 38.0 39
1696877180623 39.0 40
1696877180743 40.0 41
1696877180861 41.0 42
1696877180981 42.0 43
1696877181098 43.0 44
1696877181218 44.0 45
1696877181337 45.0 46
1696877181455 46.0 47
1696877181578 47.0 48
1696877181701 48.0 49
1696877181822 49.0 50
1696877181940 50.0 51
1696877182057 51.0 52
1696877182177 52.0 53
1696877182296 53.0 54
1696877182416 54.0 55
1696877182538 55.0 56
1696877182659 56.0 57
1696877182781 57.0 58
1696877182902 58.0 59
1696877183023 59.0 60
1696877183144 60.0 61
1696877183259 61.0 62
1696877183380 62.0 63
1696877183501 63.0 64
1696877183623 64.0 65
1696877183743 65.0 66
1696877183865 66.0 67
1696877183990 67.0 68
1696877184113 68.0 69
1696877184231 69.0 70
1696877184350 70.0 71
1696877184470 71.0 72
1696877184588 72.0 73
1696877184707 73.0 74
1696877184835 74.0 75
1696877184954 75.0 76
1696877185075 76.0 77
1696877185197 77.0 78
1696877185318 78.0 79
1696877185440 79.0 80
1696877185561 80.0 81
1696877185679 81.0 82
1696877185802 82.0 83
1696877185922 83.0 84
1696877186043 84.0 85
1696877186161 85.0 86
1696877186279 86.0 87
1696877186400 87.0 88
1696877186519 88.0 89
1696877186646 89.0 90
1696877186764 90.0 91
1696877186883 91.0 92
1696877187002 92.0 93
1696877187123 93.0 94
1696877187245 94.0 95
1696877187366 95.0 96
1696877187488 96.0 97
1696877187607 97.0 98
1696877187730 98.0 99
1696877187851 99.0 100
