1696877175966 17.5 1
1696877176099 8.85135135135135 2
1696877176219 8.22463768115942 3
1696877176337 7.9950495049504955 4
1696877176452 7.87593984962406 5
1696877176569 7.803030303030303 6
1696877176689 7.753807106598985 7
1696877176807 7.718340611353712 8
1696877176929 7.6915708812260535 9
1696877177046 7.670648464163823 10
1696877177171 7.653846153846154 11
1696877177289 7.640056022408964 12
1696877177408 7.62853470437018 13
1696877177525 7.618764845605701 14
1696877177644 7.61037527593819 15
1696877177761 7.603092783505154 16
1696877177878 7.596711798839459 17
1696877177998 7.591074681238616 18
1696877178117 7.586058519793459 19
1696877178235 7.581566068515498 20
1696877178353 7.577519379844961 21
1696877178473 7.573855243722305 22
1696877178590 7.570521861777151 23
1696877178712 7.567476383265857 24
1696877178830 7.5646830530401035 25
1696877178949 7.562111801242236 26
1696877179069 7.55973715651135 27
1696877179189 7.557537399309552 28
1696877179308 7.555493895671476 29
1696877179429 7.553590568060021 30
1696877179550 7.551813471502591 31
1696877179670 7.550150451354062 32
1696877179792 7.548590864917395 33
1696877179912 7.547125353440151 34
1696877180030 7.545745654162855 35
1696877180149 7.544444444444444 36
1696877180269 7.5432152117545375 37
1696877180386 7.542052144659378 38
1696877180504 7.540950040950041 39
1696877180624 7.539904229848364 40
1696877180744 7.538910505836576 41
1696877180861 7.537965072133637 42
1696877180981 7.537064492216457 43
1696877181099 7.536205648081101 44
1696877181219 7.535385704175513 45
1696877181338 7.534602076124568 46
1696877181456 7.53385240352065 47
1696877181579 7.533134526176275 48
1696877181702 7.532446463335496 49
1696877181822 7.531786395422759 50
1696877181940 7.531152647975078 51
1696877182057 7.530543677458766 52
1696877182178 7.529958058717795 53
1696877182297 7.529394473838918 54
1696877182416 7.528851702250432 55
1696877182539 7.528328611898017 56
1696877182660 7.527824151363383 57
1696877182782 7.527337342810279 58
1696877182902 7.526867275658248 59
1696877183024 7.526413100898045 60
1696877183144 7.525974025974026 61
1696877183260 7.525549310168626 62
1696877183381 7.525138260432378 63
1696877183502 7.524740227610094 64
1696877183624 7.524354603019971 65
1696877183744 7.523980815347722 66
1696877183866 7.5236183278223905 67
1696877183991 7.523266635644486 68
1696877184114 7.5229252636405315 69
1696877184232 7.522593764121103 70
1696877184351 7.522271714922049 71
1696877184471 7.521958717610891 72
1696877184589 7.521654395842356 73
1696877184708 7.521358393848782 74
1696877184836 7.521070375052676 75
1696877184954 7.520790020790021 76
1696877185075 7.520517029134181 77
1696877185198 7.52025111381126 78
1696877185319 7.519992003198721 79
1696877185440 7.519739439399921 80
1696877185562 7.519493177387914 81
1696877185680 7.519252984212553 82
1696877185802 7.5190186382655 83
1696877185923 7.518789928598271 84
1696877186044 7.518566654288897 85
1696877186162 7.518348623853211 86
1696877186280 7.518135654697135 87
1696877186400 7.517927572606669 88
1696877186520 7.517724211272598 89
1696877186647 7.517525411847179 90
1696877186765 7.517331022530329 91
1696877186884 7.517140898183065 92
1696877187003 7.51695489996609 93
1696877187123 7.516772895001678 94
1696877187246 7.516594756057086 95
1696877187367 7.516420361247947 96
1696877187489 7.516249593760156 97
1696877187608 7.516082341588936 98
1696877187731 7.515918497293855 99
1696877187851 7.515757957768673 100
