1696877175971 90599.0 1
1696877176104 90599.0 2
1696877176223 90599.0 3
1696877176340 90599.0 4
1696877176456 90599.0 5
1696877176573 90599.0 6
1696877176694 90599.0 7
1696877176811 90599.0 8
1696877176933 90599.0 9
1696877177050 90599.0 10
1696877177176 90599.0 11
1696877177293 90599.0 12
1696877177412 90599.0 13
1696877177529 90599.0 14
1696877177647 90599.0 15
1696877177766 90599.0 16
1696877177882 90599.0 17
1696877178002 90599.0 18
1696877178121 90599.0 19
1696877178239 90599.0 20
1696877178357 90599.0 21
1696877178477 90599.0 22
1696877178594 90599.0 23
1696877178717 90599.0 24
1696877178834 90599.0 25
1696877178952 90599.0 26
1696877179073 90599.0 27
1696877179193 90599.0 28
1696877179312 90599.0 29
1696877179433 90599.0 30
1696877179554 90599.0 31
1696877179674 90599.0 32
1696877179796 90599.0 33
1696877179916 90599.0 34
1696877180034 90599.0 35
1696877180153 90599.0 36
1696877180273 90599.0 37
1696877180390 90599.0 38
1696877180508 90599.0 39
1696877180628 90599.0 40
1696877180748 90599.0 41
1696877180865 90599.0 42
1696877180985 90599.0 43
1696877181103 90599.0 44
1696877181222 90599.0 45
1696877181341 90599.0 46
1696877181460 90599.0 47
1696877181583 90599.0 48
1696877181706 90599.0 49
1696877181826 90599.0 50
1696877181944 90599.0 51
1696877182061 90599.0 52
1696877182182 90599.0 53
1696877182300 90599.0 54
1696877182421 90599.0 55
1696877182543 90599.0 56
1696877182664 90599.0 57
1696877182786 90599.0 58
1696877182907 90599.0 59
1696877183028 90599.0 60
1696877183148 90599.0 61
1696877183264 90599.0 62
1696877183385 90599.0 63
1696877183506 90599.0 64
1696877183629 90599.0 65
1696877183749 90599.0 66
1696877183871 90599.0 67
1696877183995 90599.0 68
1696877184118 90599.0 69
1696877184236 90599.0 70
1696877184355 90599.0 71
1696877184474 90599.0 72
1696877184593 90599.0 73
1696877184713 90599.0 74
1696877184839 90599.0 75
1696877184958 90599.0 76
1696877185079 90599.0 77
1696877185201 90599.0 78
1696877185323 90599.0 79
1696877185444 90599.0 80
1696877185565 90599.0 81
1696877185684 90599.0 82
1696877185806 90599.0 83
1696877185927 90599.0 84
1696877186049 90599.0 85
1696877186166 90599.0 86
1696877186284 90599.0 87
1696877186404 90599.0 88
1696877186524 90599.0 89
1696877186651 90599.0 90
1696877186769 90599.0 91
1696877186888 90599.0 92
1696877187007 90599.0 93
1696877187128 90599.0 94
1696877187249 90599.0 95
1696877187371 90599.0 96
1696877187493 90599.0 97
1696877187612 90599.0 98
1696877187734 90599.0 99
1696877187856 90599.0 100
