1696877175969 0.00017523765563964844 1
1696877176102 0.1027059555053711 2
1696877176221 0.1051793098449707 3
1696877176339 0.10454511642456055 4
1696877176455 0.10237693786621094 5
1696877176572 0.1041710376739502 6
1696877176692 0.10078191757202148 7
1696877176810 0.10281610488891602 8
1696877176932 0.10510802268981934 9
1696877177049 0.10399222373962402 10
1696877177174 0.10371899604797363 11
1696877177291 0.10340404510498047 12
1696877177410 0.10078787803649902 13
1696877177528 0.10453605651855469 14
1696877177646 0.10510897636413574 15
1696877177764 0.10250115394592285 16
1696877177881 0.10261178016662598 17
1696877178001 0.10207796096801758 18
1696877178120 0.10510587692260742 19
1696877178238 0.10261797904968262 20
1696877178355 0.10378098487854004 21
1696877178475 0.10247230529785156 22
1696877178593 0.10271573066711426 23
1696877178715 0.10108208656311035 24
1696877178833 0.10265231132507324 25
1696877178951 0.10039114952087402 26
1696877179072 0.10487818717956543 27
1696877179192 0.1046750545501709 28
1696877179311 0.10499095916748047 29
1696877179431 0.10218000411987305 30
1696877179553 0.10510802268981934 31
1696877179673 0.10463714599609375 32
1696877179795 0.10502195358276367 33
1696877179914 0.10273385047912598 34
1696877180033 0.10154104232788086 35
1696877180151 0.10357332229614258 36
1696877180271 0.10510516166687012 37
1696877180389 0.10289311408996582 38
1696877180507 0.10343790054321289 39
1696877180627 0.1051168441772461 40
1696877180747 0.10513997077941895 41
1696877180864 0.10233688354492188 42
1696877180984 0.10510778427124023 43
1696877181102 0.10275983810424805 44
1696877181221 0.10099315643310547 45
1696877181340 0.10071778297424316 46
1696877181459 0.10110187530517578 47
1696877181582 0.10348320007324219 48
1696877181704 0.10269498825073242 49
1696877181825 0.10354399681091309 50
1696877181943 0.1031031608581543 51
1696877182060 0.10184073448181152 52
1696877182180 0.10508084297180176 53
1696877182299 0.10318589210510254 54
1696877182419 0.1004791259765625 55
1696877182541 0.10511112213134766 56
1696877182663 0.1010129451751709 57
1696877182785 0.10146212577819824 58
1696877182905 0.10511469841003418 59
1696877183026 0.10516667366027832 60
1696877183147 0.10510993003845215 61
1696877183263 0.1001439094543457 62
1696877183384 0.10436487197875977 63
1696877183505 0.10470914840698242 64
1696877183627 0.10302376747131348 65
1696877183748 0.10202693939208984 66
1696877183870 0.10161495208740234 67
1696877183994 0.10513901710510254 68
1696877184116 0.10511898994445801 69
1696877184235 0.10135602951049805 70
1696877184353 0.10251617431640625 71
1696877184473 0.10381579399108887 72
1696877184591 0.10164093971252441 73
1696877184711 0.1022329330444336 74
1696877184838 0.10125303268432617 75
1696877184957 0.10190486907958984 76
1696877185078 0.10450291633605957 77
1696877185200 0.10264921188354492 78
1696877185322 0.10511159896850586 79
1696877185443 0.10511112213134766 80
1696877185564 0.10491585731506348 81
1696877185683 0.1016998291015625 82
1696877185805 0.10513901710510254 83
1696877185925 0.10324501991271973 84
1696877186047 0.10409188270568848 85
1696877186165 0.10066580772399902 86
1696877186283 0.10156106948852539 87
1696877186403 0.10365104675292969 88
1696877186523 0.10197710990905762 89
1696877186649 0.1035299301147461 90
1696877186768 0.10097312927246094 91
1696877186887 0.10168814659118652 92
1696877187006 0.10219502449035645 93
1696877187126 0.10255169868469238 94
1696877187248 0.10471487045288086 95
1696877187369 0.10411691665649414 96
1696877187492 0.10513591766357422 97
1696877187611 0.10122418403625488 98
1696877187733 0.1049809455871582 99
1696877187854 0.10297489166259766 100
