1696877175972 0.00017523765563964844 1
1696877176104 0.10288119316101074 2
1696877176223 0.20806050300598145 3
1696877176341 0.312605619430542 4
1696877176456 0.41498255729675293 5
1696877176573 0.5191535949707031 6
1696877176694 0.6199355125427246 7
1696877176812 0.7227516174316406 8
1696877176933 0.82785964012146 9
1696877177051 0.931851863861084 10
1696877177176 1.0355708599090576 11
1696877177293 1.138974905014038 12
1696877177412 1.239762783050537 13
1696877177530 1.3442988395690918 14
1696877177648 1.4494078159332275 15
1696877177766 1.5519089698791504 16
1696877177883 1.6545207500457764 17
1696877178003 1.756598711013794 18
1696877178122 1.8617045879364014 19
1696877178240 1.964322566986084 20
1696877178357 2.068103551864624 21
1696877178477 2.1705758571624756 22
1696877178595 2.27329158782959 23
1696877178718 2.3743736743927 24
1696877178835 2.4770259857177734 25
1696877178953 2.5774171352386475 26
1696877179074 2.682295322418213 27
1696877179194 2.786970376968384 28
1696877179313 2.8919613361358643 29
1696877179433 2.9941413402557373 30
1696877179555 3.0992493629455566 31
1696877179675 3.2038865089416504 32
1696877179797 3.308908462524414 33
1696877179916 3.41164231300354 34
1696877180035 3.513183355331421 35
1696877180153 3.6167566776275635 36
1696877180273 3.7218618392944336 37
1696877180391 3.8247549533843994 38
1696877180509 3.9281928539276123 39
1696877180629 4.033309698104858 40
1696877180749 4.138449668884277 41
1696877180866 4.240786552429199 42
1696877180986 4.3458943367004395 43
1696877181104 4.4486541748046875 44
1696877181223 4.549647331237793 45
1696877181342 4.650365114212036 46
1696877181461 4.751466989517212 47
1696877181584 4.854950189590454 48
1696877181706 4.9576451778411865 49
1696877181827 5.0611891746521 50
1696877181945 5.164292335510254 51
1696877182062 5.266133069992065 52
1696877182182 5.371213912963867 53
1696877182301 5.47439980506897 54
1696877182421 5.574878931045532 55
1696877182543 5.67999005317688 56
1696877182665 5.781002998352051 57
1696877182787 5.882465124130249 58
1696877182907 5.987579822540283 59
1696877183028 6.0927464962005615 60
1696877183149 6.197856426239014 61
1696877183265 6.298000335693359 62
1696877183386 6.402365207672119 63
1696877183507 6.507074356079102 64
1696877183630 6.610098123550415 65
1696877183750 6.712125062942505 66
1696877183872 6.813740015029907 67
1696877183996 6.91887903213501 68
1696877184119 7.023998022079468 69
1696877184237 7.125354051589966 70
1696877184355 7.227870225906372 71
1696877184475 7.331686019897461 72
1696877184594 7.433326959609985 73
1696877184713 7.535559892654419 74
1696877184840 7.636812925338745 75
1696877184959 7.738717794418335 76
1696877185080 7.8432207107543945 77
1696877185202 7.9458699226379395 78
1696877185323 8.050981521606445 79
1696877185445 8.156092643737793 80
1696877185566 8.261008501052856 81
1696877185685 8.362708330154419 82
1696877185807 8.467847347259521 83
1696877185927 8.571092367172241 84
1696877186049 8.67518424987793 85
1696877186167 8.775850057601929 86
1696877186285 8.877411127090454 87
1696877186405 8.981062173843384 88
1696877186527 9.083039283752441 89
1696877186651 9.186569213867188 90
1696877186770 9.287542343139648 91
1696877186889 9.389230489730835 92
1696877187007 9.491425514221191 93
1696877187128 9.593977212905884 94
1696877187250 9.698692083358765 95
1696877187371 9.802809000015259 96
1696877187494 9.907944917678833 97
1696877187613 10.009169101715088 98
1696877187735 10.114150047302246 99
1696877187857 10.217124938964844 100
