1696877175967 1696877175.0 1
1696877176100 1696877176.0 2
1696877176219 1696877176.0 3
1696877176337 1696877176.0 4
1696877176453 1696877176.0 5
1696877176570 1696877176.0 6
1696877176690 1696877176.0 7
1696877176808 1696877176.0 8
1696877176930 1696877176.0 9
1696877177047 1696877177.0 10
1696877177172 1696877177.0 11
1696877177289 1696877177.0 12
1696877177408 1696877177.0 13
1696877177526 1696877177.0 14
1696877177644 1696877177.0 15
1696877177762 1696877177.0 16
1696877177879 1696877177.0 17
1696877177999 1696877177.0 18
1696877178118 1696877178.0 19
1696877178236 1696877178.0 20
1696877178354 1696877178.0 21
1696877178473 1696877178.0 22
1696877178591 1696877178.0 23
1696877178713 1696877178.0 24
1696877178831 1696877178.0 25
1696877178949 1696877178.0 26
1696877179070 1696877179.0 27
1696877179190 1696877179.0 28
1696877179309 1696877179.0 29
1696877179430 1696877179.0 30
1696877179551 1696877179.0 31
1696877179670 1696877179.0 32
1696877179792 1696877179.0 33
1696877179912 1696877179.0 34
1696877180031 1696877180.0 35
1696877180150 1696877180.0 36
1696877180269 1696877180.0 37
1696877180387 1696877180.0 38
1696877180505 1696877180.0 39
1696877180625 1696877180.0 40
1696877180745 1696877180.0 41
1696877180862 1696877180.0 42
1696877180982 1696877180.0 43
1696877181100 1696877181.0 44
1696877181219 1696877181.0 45
1696877181338 1696877181.0 46
1696877181457 1696877181.0 47
1696877181580 1696877181.0 48
1696877181702 1696877181.0 49
1696877181823 1696877181.0 50
1696877181941 1696877181.0 51
1696877182058 1696877182.0 52
1696877182179 1696877182.0 53
1696877182297 1696877182.0 54
1696877182417 1696877182.0 55
1696877182539 1696877182.0 56
1696877182661 1696877182.0 57
1696877182783 1696877182.0 58
1696877182903 1696877182.0 59
1696877183024 1696877183.0 60
1696877183145 1696877183.0 61
1696877183261 1696877183.0 62
1696877183382 1696877183.0 63
1696877183503 1696877183.0 64
1696877183625 1696877183.0 65
1696877183745 1696877183.0 66
1696877183867 1696877183.0 67
1696877183992 1696877183.0 68
1696877184114 1696877184.0 69
1696877184233 1696877184.0 70
1696877184351 1696877184.0 71
1696877184471 1696877184.0 72
1696877184589 1696877184.0 73
1696877184709 1696877184.0 74
1696877184836 1696877184.0 75
1696877184955 1696877184.0 76
1696877185076 1696877185.0 77
1696877185198 1696877185.0 78
1696877185320 1696877185.0 79
1696877185441 1696877185.0 80
1696877185562 1696877185.0 81
1696877185681 1696877185.0 82
1696877185803 1696877185.0 83
1696877185924 1696877185.0 84
1696877186045 1696877186.0 85
1696877186163 1696877186.0 86
1696877186281 1696877186.0 87
1696877186401 1696877186.0 88
1696877186521 1696877186.0 89
1696877186647 1696877186.0 90
1696877186766 1696877186.0 91
1696877186885 1696877186.0 92
1696877187004 1696877186.0 93
1696877187124 1696877187.0 94
1696877187246 1696877187.0 95
1696877187367 1696877187.0 96
1696877187490 1696877187.0 97
1696877187609 1696877187.0 98
1696877187731 1696877187.0 99
1696877187852 1696877187.0 100
