1696877175970 0.00017523765563964844 1
1696877176103 0.10288119316101074 2
1696877176222 0.20806050300598145 3
1696877176340 0.312605619430542 4
1696877176455 0.41498255729675293 5
1696877176572 0.5191535949707031 6
1696877176693 0.6199355125427246 7
1696877176811 0.7227516174316406 8
1696877176932 0.82785964012146 9
1696877177050 0.931851863861084 10
1696877177175 1.0355708599090576 11
1696877177292 1.138974905014038 12
1696877177411 1.239762783050537 13
1696877177529 1.3442988395690918 14
1696877177647 1.4494078159332275 15
1696877177765 1.5519089698791504 16
1696877177881 1.6545207500457764 17
1696877178002 1.756598711013794 18
1696877178120 1.8617045879364014 19
1696877178239 1.964322566986084 20
1696877178356 2.068103551864624 21
1696877178476 2.1705758571624756 22
1696877178593 2.27329158782959 23
1696877178716 2.3743736743927 24
1696877178833 2.4770259857177734 25
1696877178952 2.5774171352386475 26
1696877179072 2.682295322418213 27
1696877179193 2.786970376968384 28
1696877179311 2.8919613361358643 29
1696877179432 2.9941413402557373 30
1696877179554 3.0992493629455566 31
1696877179673 3.2038865089416504 32
1696877179795 3.308908462524414 33
1696877179915 3.41164231300354 34
1696877180034 3.513183355331421 35
1696877180152 3.6167566776275635 36
1696877180272 3.7218618392944336 37
1696877180389 3.8247549533843994 38
1696877180507 3.9281928539276123 39
1696877180627 4.033309698104858 40
1696877180747 4.138449668884277 41
1696877180864 4.240786552429199 42
1696877180985 4.3458943367004395 43
1696877181102 4.4486541748046875 44
1696877181222 4.549647331237793 45
1696877181341 4.650365114212036 46
1696877181459 4.751466989517212 47
1696877181582 4.854950189590454 48
1696877181705 4.9576451778411865 49
1696877181826 5.0611891746521 50
1696877181944 5.164292335510254 51
1696877182061 5.266133069992065 52
1696877182181 5.371213912963867 53
1696877182300 5.47439980506897 54
1696877182420 5.574878931045532 55
1696877182542 5.67999005317688 56
1696877182663 5.781002998352051 57
1696877182785 5.882465124130249 58
1696877182906 5.987579822540283 59
1696877183027 6.0927464962005615 60
1696877183148 6.197856426239014 61
1696877183263 6.298000335693359 62
1696877183385 6.402365207672119 63
1696877183506 6.507074356079102 64
1696877183628 6.610098123550415 65
1696877183748 6.712125062942505 66
1696877183871 6.813740015029907 67
1696877183994 6.91887903213501 68
1696877184117 7.023998022079468 69
1696877184235 7.125354051589966 70
1696877184354 7.227870225906372 71
1696877184474 7.331686019897461 72
1696877184592 7.433326959609985 73
1696877184712 7.535559892654419 74
1696877184839 7.636812925338745 75
1696877184958 7.738717794418335 76
1696877185079 7.8432207107543945 77
1696877185201 7.9458699226379395 78
1696877185322 8.050981521606445 79
1696877185443 8.156092643737793 80
1696877185565 8.261008501052856 81
1696877185684 8.362708330154419 82
1696877185806 8.467847347259521 83
1696877185926 8.571092367172241 84
1696877186048 8.67518424987793 85
1696877186165 8.775850057601929 86
1696877186283 8.877411127090454 87
1696877186404 8.981062173843384 88
1696877186524 9.083039283752441 89
1696877186650 9.186569213867188 90
1696877186769 9.287542343139648 91
1696877186887 9.389230489730835 92
1696877187006 9.491425514221191 93
1696877187127 9.593977212905884 94
1696877187249 9.698692083358765 95
1696877187370 9.802809000015259 96
1696877187492 9.907944917678833 97
1696877187611 10.009169101715088 98
1696877187734 10.114150047302246 99
1696877187855 10.217124938964844 100
