1696877175968 1.0 1
1696877176101 2.0 2
1696877176221 3.0 3
1696877176339 4.0 4
1696877176454 5.0 5
1696877176571 6.0 6
1696877176691 7.0 7
1696877176809 8.0 8
1696877176931 9.0 9
1696877177048 10.0 10
1696877177174 11.0 11
1696877177291 12.0 12
1696877177410 13.0 13
1696877177527 14.0 14
1696877177645 15.0 15
1696877177763 16.0 16
1696877177880 17.0 17
1696877178000 18.0 18
1696877178119 19.0 19
1696877178237 20.0 20
1696877178355 21.0 21
1696877178475 22.0 22
1696877178592 23.0 23
1696877178714 24.0 24
1696877178832 25.0 25
1696877178951 26.0 26
1696877179071 27.0 27
1696877179191 28.0 28
1696877179310 29.0 29
1696877179431 30.0 30
1696877179552 31.0 31
1696877179672 32.0 32
1696877179794 33.0 33
1696877179914 34.0 34
1696877180032 35.0 35
1696877180151 36.0 36
1696877180271 37.0 37
1696877180388 38.0 38
1696877180506 39.0 39
1696877180626 40.0 40
1696877180746 41.0 41
1696877180863 42.0 42
1696877180983 43.0 43
1696877181101 44.0 44
1696877181221 45.0 45
1696877181340 46.0 46
1696877181458 47.0 47
1696877181581 48.0 48
1696877181704 49.0 49
1696877181824 50.0 50
1696877181942 51.0 51
1696877182059 52.0 52
1696877182180 53.0 53
1696877182298 54.0 54
1696877182418 55.0 55
1696877182541 56.0 56
1696877182662 57.0 57
1696877182784 58.0 58
1696877182905 59.0 59
1696877183026 60.0 60
1696877183146 61.0 61
1696877183262 62.0 62
1696877183383 63.0 63
1696877183504 64.0 64
1696877183626 65.0 65
1696877183747 66.0 66
1696877183869 67.0 67
1696877183993 68.0 68
1696877184116 69.0 69
1696877184234 70.0 70
1696877184353 71.0 71
1696877184472 72.0 72
1696877184591 73.0 73
1696877184710 74.0 74
1696877184837 75.0 75
1696877184956 76.0 76
1696877185077 77.0 77
1696877185200 78.0 78
1696877185321 79.0 79
1696877185442 80.0 80
1696877185563 81.0 81
1696877185682 82.0 82
1696877185804 83.0 83
1696877185925 84.0 84
1696877186046 85.0 85
1696877186164 86.0 86
1696877186282 87.0 87
1696877186402 88.0 88
1696877186522 89.0 89
1696877186649 90.0 90
1696877186767 91.0 91
1696877186886 92.0 92
1696877187005 93.0 93
1696877187125 94.0 94
1696877187248 95.0 95
1696877187369 96.0 96
1696877187491 97.0 97
1696877187610 98.0 98
1696877187732 99.0 99
1696877187854 100.0 100
